MU: 0 0 0 0 0 
algo,mean,variance,S,tail
gl,9.861500e-01,9.281228e-04,5,1.000000e-02
nv,9.871300e-01,9.695668e-04,5,1.000000e-02
gl,9.863500e-01,6.411353e-04,5,1.000000e-02
nv,9.870400e-01,7.045931e-04,5,1.000000e-02
gl,9.866400e-01,8.326066e-04,5,1.000000e-02
nv,9.885867e-01,5.101433e-04,5,1.000000e-02
gl,9.834050e-01,1.415148e-03,5,1.000000e-02
nv,9.867450e-01,7.353266e-04,5,1.000000e-02
gl,9.848440e-01,1.160583e-03,5,1.000000e-02
nv,9.893500e-01,6.130136e-04,5,1.000000e-02
gl,9.840933e-01,1.127091e-03,5,1.000000e-02
nv,9.862650e-01,9.115118e-04,5,1.000000e-02
gl,9.850814e-01,1.005200e-03,5,1.000000e-02
nv,9.876614e-01,7.968552e-04,5,1.000000e-02
gl,9.857662e-01,9.166883e-04,5,1.000000e-02
nv,9.876725e-01,7.386463e-04,5,1.000000e-02
gl,9.825533e-01,1.317191e-03,5,1.000000e-02
nv,9.876778e-01,7.341274e-04,5,1.000000e-02
gl,9.827550e-01,1.260106e-03,5,1.000000e-02
nv,9.875540e-01,7.708918e-04,5,1.000000e-02
gl,9.814255e-01,1.374143e-03,5,1.000000e-02
nv,9.881427e-01,7.188522e-04,5,1.000000e-02
gl,9.817350e-01,1.327716e-03,5,1.000000e-02
nv,9.871300e-01,8.594152e-04,5,1.000000e-02
gl,9.807815e-01,1.394529e-03,5,1.000000e-02
nv,9.858692e-01,9.511127e-04,5,1.000000e-02
gl,9.811814e-01,1.362551e-03,5,1.000000e-02
nv,9.861750e-01,9.353508e-04,5,1.000000e-02
gl,9.802500e-01,1.414918e-03,5,1.000000e-02
nv,9.849087e-01,1.099583e-03,5,1.000000e-02
gl,9.801744e-01,1.381875e-03,5,1.000000e-02
nv,9.842025e-01,1.115468e-03,5,1.000000e-02
gl,9.798494e-01,1.347525e-03,5,1.000000e-02
nv,9.835594e-01,1.184410e-03,5,1.000000e-02
gl,9.803078e-01,1.297023e-03,5,1.000000e-02
nv,9.830650e-01,1.216312e-03,5,1.000000e-02
gl,9.800953e-01,1.322027e-03,5,1.000000e-02
nv,9.830289e-01,1.205278e-03,5,1.000000e-02
gl,9.801220e-01,1.303999e-03,5,1.000000e-02
nv,9.831015e-01,1.185835e-03,5,1.000000e-02
gl,9.804500e-01,1.261199e-03,5,1.000000e-02
nv,9.834333e-01,1.161765e-03,5,1.000000e-02
gl,9.807732e-01,1.257619e-03,5,1.000000e-02
nv,9.829755e-01,1.151277e-03,5,1.000000e-02
gl,9.806035e-01,1.293008e-03,5,1.000000e-02
nv,9.831813e-01,1.125345e-03,5,1.000000e-02
gl,9.812196e-01,1.250531e-03,5,1.000000e-02
nv,9.822075e-01,1.223316e-03,5,1.000000e-02
gl,9.809680e-01,1.254003e-03,5,1.000000e-02
nv,9.824200e-01,1.182765e-03,5,1.000000e-02
gl,9.812842e-01,1.237202e-03,5,1.000000e-02
nv,9.822350e-01,1.186015e-03,5,1.000000e-02
gl,9.814663e-01,1.209540e-03,5,1.000000e-02
nv,9.814200e-01,1.357761e-03,5,1.000000e-02
gl,9.818254e-01,1.178282e-03,5,1.000000e-02
nv,9.817164e-01,1.324819e-03,5,1.000000e-02
gl,9.815417e-01,1.274740e-03,5,1.000000e-02
nv,9.822424e-01,1.287569e-03,5,1.000000e-02
gl,9.813007e-01,1.288750e-03,5,1.000000e-02
nv,9.814900e-01,1.332023e-03,5,1.000000e-02
gl,9.817900e-01,1.255761e-03,5,1.000000e-02
nv,9.812658e-01,1.321747e-03,5,1.000000e-02
gl,9.820356e-01,1.233380e-03,5,1.000000e-02
nv,9.811503e-01,1.348196e-03,5,1.000000e-02
gl,9.820045e-01,1.270535e-03,5,1.000000e-02
nv,9.816176e-01,1.317007e-03,5,1.000000e-02
gl,9.823726e-01,1.239894e-03,5,1.000000e-02
nv,9.816135e-01,1.343514e-03,5,1.000000e-02
gl,9.823586e-01,1.228392e-03,5,1.000000e-02
nv,9.813700e-01,1.376251e-03,5,1.000000e-02
gl,9.823453e-01,1.207724e-03,5,1.000000e-02
nv,9.813258e-01,1.378982e-03,5,1.000000e-02
gl,9.815257e-01,1.361933e-03,5,1.000000e-02
nv,9.813116e-01,1.356172e-03,5,1.000000e-02
gl,9.812182e-01,1.363769e-03,5,1.000000e-02
nv,9.815266e-01,1.330255e-03,5,1.000000e-02
gl,9.812038e-01,1.369259e-03,5,1.000000e-02
nv,9.815136e-01,1.329568e-03,5,1.000000e-02
gl,9.810550e-01,1.371840e-03,5,1.000000e-02
nv,9.815587e-01,1.326812e-03,5,1.000000e-02
gl,9.811800e-01,1.357246e-03,5,1.000000e-02
nv,9.813161e-01,1.393815e-03,5,1.000000e-02
gl,9.809810e-01,1.352762e-03,5,1.000000e-02
nv,9.811517e-01,1.411983e-03,5,1.000000e-02
gl,9.811181e-01,1.334756e-03,5,1.000000e-02
nv,9.814528e-01,1.386231e-03,5,1.000000e-02
gl,9.807132e-01,1.360130e-03,5,1.000000e-02
nv,9.816691e-01,1.361036e-03,5,1.000000e-02
gl,9.809049e-01,1.340844e-03,5,1.000000e-02
nv,9.817347e-01,1.352484e-03,5,1.000000e-02
gl,9.807909e-01,1.345299e-03,5,1.000000e-02
nv,9.819791e-01,1.330919e-03,5,1.000000e-02
gl,9.807328e-01,1.377794e-03,5,1.000000e-02
nv,9.818319e-01,1.365941e-03,5,1.000000e-02
gl,9.810275e-01,1.354739e-03,5,1.000000e-02
nv,9.816162e-01,1.398999e-03,5,1.000000e-02
gl,9.809002e-01,1.355812e-03,5,1.000000e-02
nv,9.817282e-01,1.389414e-03,5,1.000000e-02
gl,9.808076e-01,1.354233e-03,5,1.000000e-02
nv,9.817862e-01,1.391755e-03,5,1.000000e-02
gl,9.806769e-01,1.364917e-03,5,1.000000e-02
nv,9.819988e-01,1.369893e-03,5,1.000000e-02
gl,9.805810e-01,1.368589e-03,5,1.000000e-02
nv,9.819104e-01,1.383767e-03,5,1.000000e-02
gl,9.805551e-01,1.366051e-03,5,1.000000e-02
nv,9.821543e-01,1.362125e-03,5,1.000000e-02
gl,9.804411e-01,1.371822e-03,5,1.000000e-02
nv,9.817813e-01,1.418651e-03,5,1.000000e-02
gl,9.802233e-01,1.374600e-03,5,1.000000e-02
nv,9.820616e-01,1.397483e-03,5,1.000000e-02
gl,9.804936e-01,1.355422e-03,5,1.000000e-02
nv,9.819559e-01,1.397830e-03,5,1.000000e-02
gl,9.806979e-01,1.335368e-03,5,1.000000e-02
nv,9.821433e-01,1.377104e-03,5,1.000000e-02
gl,9.804660e-01,1.351463e-03,5,1.000000e-02
nv,9.824195e-01,1.357825e-03,5,1.000000e-02
gl,9.803202e-01,1.394791e-03,5,1.000000e-02
nv,9.825317e-01,1.338543e-03,5,1.000000e-02
gl,9.803247e-01,1.383078e-03,5,1.000000e-02
nv,9.826158e-01,1.337973e-03,5,1.000000e-02
gl,9.802610e-01,1.407793e-03,5,1.000000e-02
nv,9.825638e-01,1.353697e-03,5,1.000000e-02
gl,9.800574e-01,1.430082e-03,5,1.000000e-02
nv,9.826916e-01,1.336279e-03,5,1.000000e-02
gl,9.801586e-01,1.413330e-03,5,1.000000e-02
nv,9.824652e-01,1.348623e-03,5,1.000000e-02
gl,9.800344e-01,1.428858e-03,5,1.000000e-02
nv,9.823161e-01,1.353397e-03,5,1.000000e-02
gl,9.801223e-01,1.409900e-03,5,1.000000e-02
nv,9.820965e-01,1.356710e-03,5,1.000000e-02
gl,9.799745e-01,1.438809e-03,5,1.000000e-02
nv,9.822679e-01,1.340044e-03,5,1.000000e-02
gl,9.798719e-01,1.460710e-03,5,1.000000e-02
nv,9.822933e-01,1.338532e-03,5,1.000000e-02
gl,9.801132e-01,1.443420e-03,5,1.000000e-02
nv,9.823638e-01,1.334669e-03,5,1.000000e-02
gl,9.797242e-01,1.482166e-03,5,1.000000e-02
nv,9.820745e-01,1.371323e-03,5,1.000000e-02
gl,9.795887e-01,1.488695e-03,5,1.000000e-02
nv,9.820206e-01,1.366840e-03,5,1.000000e-02
gl,9.796630e-01,1.471147e-03,5,1.000000e-02
nv,9.822342e-01,1.351170e-03,5,1.000000e-02
gl,9.797513e-01,1.457497e-03,5,1.000000e-02
nv,9.821364e-01,1.377743e-03,5,1.000000e-02
gl,9.798115e-01,1.448247e-03,5,1.000000e-02
nv,9.822455e-01,1.364749e-03,5,1.000000e-02
gl,9.800673e-01,1.433485e-03,5,1.000000e-02
nv,9.824527e-01,1.349734e-03,5,1.000000e-02
gl,9.796616e-01,1.460521e-03,5,1.000000e-02
nv,9.826116e-01,1.335320e-03,5,1.000000e-02
gl,9.793907e-01,1.477681e-03,5,1.000000e-02
nv,9.827296e-01,1.324284e-03,5,1.000000e-02
gl,9.793634e-01,1.473093e-03,5,1.000000e-02
nv,9.828588e-01,1.309440e-03,5,1.000000e-02
gl,9.793732e-01,1.468214e-03,5,1.000000e-02
nv,9.828285e-01,1.314050e-03,5,1.000000e-02
gl,9.795877e-01,1.453803e-03,5,1.000000e-02
nv,9.826532e-01,1.329894e-03,5,1.000000e-02
gl,9.797523e-01,1.442200e-03,5,1.000000e-02
nv,9.824804e-01,1.345530e-03,5,1.000000e-02
gl,9.799841e-01,1.428842e-03,5,1.000000e-02
nv,9.825104e-01,1.337406e-03,5,1.000000e-02
gl,9.797793e-01,1.450804e-03,5,1.000000e-02
nv,9.826716e-01,1.323661e-03,5,1.000000e-02
gl,9.796122e-01,1.469400e-03,5,1.000000e-02
nv,9.824949e-01,1.332732e-03,5,1.000000e-02
gl,9.795442e-01,1.482186e-03,5,1.000000e-02
nv,9.821724e-01,1.402886e-03,5,1.000000e-02
gl,9.797526e-01,1.468605e-03,5,1.000000e-02
nv,9.822296e-01,1.392302e-03,5,1.000000e-02
gl,9.798969e-01,1.458321e-03,5,1.000000e-02
nv,9.824099e-01,1.379075e-03,5,1.000000e-02
gl,9.798862e-01,1.458235e-03,5,1.000000e-02
nv,9.824066e-01,1.383834e-03,5,1.000000e-02
gl,9.799678e-01,1.450928e-03,5,1.000000e-02
nv,9.824213e-01,1.385538e-03,5,1.000000e-02
gl,9.801407e-01,1.438468e-03,5,1.000000e-02
nv,9.823360e-01,1.391232e-03,5,1.000000e-02
gl,9.802093e-01,1.427379e-03,5,1.000000e-02
nv,9.820961e-01,1.420948e-03,5,1.000000e-02
gl,9.801063e-01,1.429929e-03,5,1.000000e-02
nv,9.821432e-01,1.411167e-03,5,1.000000e-02
gl,9.801776e-01,1.427555e-03,5,1.000000e-02
nv,9.822698e-01,1.398405e-03,5,1.000000e-02
gl,9.799730e-01,1.464484e-03,5,1.000000e-02
nv,9.822855e-01,1.389481e-03,5,1.000000e-02
gl,9.799836e-01,1.458210e-03,5,1.000000e-02
nv,9.822629e-01,1.379746e-03,5,1.000000e-02
gl,9.797098e-01,1.478408e-03,5,1.000000e-02
nv,9.823707e-01,1.368240e-03,5,1.000000e-02
gl,9.798090e-01,1.467716e-03,5,1.000000e-02
nv,9.823666e-01,1.362236e-03,5,1.000000e-02
gl,9.798884e-01,1.466579e-03,5,1.000000e-02
nv,9.824394e-01,1.351048e-03,5,1.000000e-02
gl,9.798484e-01,1.460418e-03,5,1.000000e-02
nv,9.823624e-01,1.359006e-03,5,1.000000e-02
gl,9.796188e-01,1.487632e-03,5,1.000000e-02
nv,9.824306e-01,1.348133e-03,5,1.000000e-02
gl,9.797241e-01,1.475545e-03,5,1.000000e-02
nv,9.825614e-01,1.336621e-03,5,1.000000e-02
gl,9.796031e-01,1.480219e-03,5,1.000000e-02
nv,9.826328e-01,1.328096e-03,5,1.000000e-02
gl,9.796857e-01,1.469172e-03,5,1.000000e-02
nv,9.825619e-01,1.321395e-03,5,1.000000e-02
gl,9.795527e-01,1.476657e-03,5,1.000000e-02
nv,9.827164e-01,1.311068e-03,5,1.000000e-02
gl,9.795437e-01,1.473572e-03,5,1.000000e-02
nv,9.827826e-01,1.303642e-03,5,1.000000e-02
gl,9.796644e-01,1.463210e-03,5,1.000000e-02
nv,9.828483e-01,1.293993e-03,5,1.000000e-02
gl,9.797794e-01,1.453467e-03,5,1.000000e-02
nv,9.829197e-01,1.286337e-03,5,1.000000e-02
gl,9.795918e-01,1.467961e-03,5,1.000000e-02
nv,9.829224e-01,1.282608e-03,5,1.000000e-02
gl,9.795712e-01,1.466753e-03,5,1.000000e-02
nv,9.827220e-01,1.298073e-03,5,1.000000e-02
gl,9.795417e-01,1.466673e-03,5,1.000000e-02
nv,9.826483e-01,1.306900e-03,5,1.000000e-02
gl,9.796596e-01,1.456417e-03,5,1.000000e-02
nv,9.825883e-01,1.307146e-03,5,1.000000e-02
gl,9.797134e-01,1.451531e-03,5,1.000000e-02
nv,9.826919e-01,1.297295e-03,5,1.000000e-02
gl,9.797103e-01,1.455765e-03,5,1.000000e-02
nv,9.826947e-01,1.291872e-03,5,1.000000e-02
gl,9.797162e-01,1.452417e-03,5,1.000000e-02
nv,9.826205e-01,1.301134e-03,5,1.000000e-02
gl,9.798765e-01,1.442742e-03,5,1.000000e-02
nv,9.825128e-01,1.303011e-03,5,1.000000e-02
gl,9.798387e-01,1.442555e-03,5,1.000000e-02
nv,9.825410e-01,1.302668e-03,5,1.000000e-02
gl,9.799840e-01,1.432755e-03,5,1.000000e-02
nv,9.824842e-01,1.302619e-03,5,1.000000e-02
gl,9.801519e-01,1.423783e-03,5,1.000000e-02
nv,9.823302e-01,1.316328e-03,5,1.000000e-02
gl,9.802730e-01,1.414244e-03,5,1.000000e-02
nv,9.823781e-01,1.308017e-03,5,1.000000e-02
gl,9.803099e-01,1.406195e-03,5,1.000000e-02
nv,9.823669e-01,1.304957e-03,5,1.000000e-02
gl,9.803474e-01,1.402538e-03,5,1.000000e-02
nv,9.822753e-01,1.306920e-03,5,1.000000e-02
gl,9.802078e-01,1.415876e-03,5,1.000000e-02
nv,9.821475e-01,1.323519e-03,5,1.000000e-02
gl,9.801228e-01,1.425557e-03,5,1.000000e-02
nv,9.820842e-01,1.327068e-03,5,1.000000e-02
gl,9.802376e-01,1.416625e-03,5,1.000000e-02
nv,9.819602e-01,1.331045e-03,5,1.000000e-02
gl,9.802957e-01,1.407826e-03,5,1.000000e-02
nv,9.820087e-01,1.326600e-03,5,1.000000e-02
gl,9.802786e-01,1.414004e-03,5,1.000000e-02
nv,9.820099e-01,1.321188e-03,5,1.000000e-02
gl,9.801116e-01,1.439015e-03,5,1.000000e-02
nv,9.819813e-01,1.318249e-03,5,1.000000e-02
gl,9.801220e-01,1.440364e-03,5,1.000000e-02
nv,9.820270e-01,1.312922e-03,5,1.000000e-02
gl,9.801723e-01,1.439595e-03,5,1.000000e-02
nv,9.821160e-01,1.306609e-03,5,1.000000e-02
gl,9.802190e-01,1.432403e-03,5,1.000000e-02
nv,9.820794e-01,1.308338e-03,5,1.000000e-02
gl,9.801423e-01,1.441628e-03,5,1.000000e-02
nv,9.822147e-01,1.300633e-03,5,1.000000e-02
gl,9.802577e-01,1.432721e-03,5,1.000000e-02
nv,9.823235e-01,1.292611e-03,5,1.000000e-02
gl,9.803305e-01,1.424975e-03,5,1.000000e-02
nv,9.823376e-01,1.290668e-03,5,1.000000e-02
gl,9.803234e-01,1.419296e-03,5,1.000000e-02
nv,9.823298e-01,1.292012e-03,5,1.000000e-02
gl,9.803696e-01,1.413541e-03,5,1.000000e-02
nv,9.822752e-01,1.309521e-03,5,1.000000e-02
gl,9.802431e-01,1.426155e-03,5,1.000000e-02
nv,9.823264e-01,1.307740e-03,5,1.000000e-02
gl,9.801471e-01,1.426170e-03,5,1.000000e-02
nv,9.824014e-01,1.299969e-03,5,1.000000e-02
gl,9.801728e-01,1.422279e-03,5,1.000000e-02
nv,9.823620e-01,1.303222e-03,5,1.000000e-02
gl,9.802141e-01,1.414094e-03,5,1.000000e-02
nv,9.822191e-01,1.316399e-03,5,1.000000e-02
gl,9.802892e-01,1.405851e-03,5,1.000000e-02
nv,9.821959e-01,1.311181e-03,5,1.000000e-02
gl,9.802514e-01,1.405356e-03,5,1.000000e-02
nv,9.821369e-01,1.312649e-03,5,1.000000e-02
gl,9.801930e-01,1.405041e-03,5,1.000000e-02
nv,9.822065e-01,1.304579e-03,5,1.000000e-02
gl,9.802488e-01,1.396754e-03,5,1.000000e-02
nv,9.822653e-01,1.299254e-03,5,1.000000e-02
gl,9.802171e-01,1.397543e-03,5,1.000000e-02
nv,9.822296e-01,1.314305e-03,5,1.000000e-02
gl,9.802447e-01,1.398359e-03,5,1.000000e-02
nv,9.823096e-01,1.306537e-03,5,1.000000e-02
gl,9.803512e-01,1.390638e-03,5,1.000000e-02
nv,9.823276e-01,1.307508e-03,5,1.000000e-02
gl,9.803375e-01,1.388850e-03,5,1.000000e-02
nv,9.823195e-01,1.305867e-03,5,1.000000e-02
gl,9.804210e-01,1.382463e-03,5,1.000000e-02
nv,9.823743e-01,1.300268e-03,5,1.000000e-02
gl,9.804687e-01,1.377741e-03,5,1.000000e-02
nv,9.823105e-01,1.299120e-03,5,1.000000e-02
gl,9.805503e-01,1.369930e-03,5,1.000000e-02
nv,9.822766e-01,1.295801e-03,5,1.000000e-02
gl,9.805165e-01,1.378837e-03,5,1.000000e-02
nv,9.823903e-01,1.289089e-03,5,1.000000e-02
gl,9.805142e-01,1.378529e-03,5,1.000000e-02
nv,9.823832e-01,1.289080e-03,5,1.000000e-02
gl,9.806030e-01,1.371289e-03,5,1.000000e-02
nv,9.823783e-01,1.284435e-03,5,1.000000e-02
gl,9.806905e-01,1.364577e-03,5,1.000000e-02
nv,9.824712e-01,1.277515e-03,5,1.000000e-02
gl,9.805899e-01,1.376782e-03,5,1.000000e-02
nv,9.824588e-01,1.281782e-03,5,1.000000e-02
gl,9.806757e-01,1.370070e-03,5,1.000000e-02
nv,9.824469e-01,1.276746e-03,5,1.000000e-02
gl,9.806912e-01,1.365601e-03,5,1.000000e-02
nv,9.823963e-01,1.295851e-03,5,1.000000e-02
gl,9.807498e-01,1.359981e-03,5,1.000000e-02
nv,9.824315e-01,1.290608e-03,5,1.000000e-02
gl,9.808062e-01,1.354949e-03,5,1.000000e-02
nv,9.823722e-01,1.294960e-03,5,1.000000e-02
gl,9.807919e-01,1.353363e-03,5,1.000000e-02
nv,9.823918e-01,1.293311e-03,5,1.000000e-02
gl,9.806979e-01,1.355535e-03,5,1.000000e-02
nv,9.823010e-01,1.306399e-03,5,1.000000e-02
gl,9.806946e-01,1.367658e-03,5,1.000000e-02
nv,9.822681e-01,1.310879e-03,5,1.000000e-02
gl,9.807605e-01,1.361111e-03,5,1.000000e-02
nv,9.822922e-01,1.307224e-03,5,1.000000e-02
gl,9.806933e-01,1.372105e-03,5,1.000000e-02
nv,9.823601e-01,1.300520e-03,5,1.000000e-02
gl,9.807677e-01,1.365167e-03,5,1.000000e-02
nv,9.823841e-01,1.295208e-03,5,1.000000e-02
gl,9.807852e-01,1.362490e-03,5,1.000000e-02
nv,9.824329e-01,1.291091e-03,5,1.000000e-02
gl,9.807336e-01,1.364557e-03,5,1.000000e-02
nv,9.824606e-01,1.287027e-03,5,1.000000e-02
gl,9.807101e-01,1.372553e-03,5,1.000000e-02
nv,9.823402e-01,1.305876e-03,5,1.000000e-02
gl,9.807117e-01,1.371278e-03,5,1.000000e-02
nv,9.822494e-01,1.304814e-03,5,1.000000e-02
gl,9.807986e-01,1.364581e-03,5,1.000000e-02
nv,9.822453e-01,1.307212e-03,5,1.000000e-02
gl,9.808968e-01,1.358292e-03,5,1.000000e-02
nv,9.822597e-01,1.305580e-03,5,1.000000e-02
gl,9.808723e-01,1.354903e-03,5,1.000000e-02
nv,9.823092e-01,1.300125e-03,5,1.000000e-02
gl,9.808183e-01,1.364518e-03,5,1.000000e-02
nv,9.822636e-01,1.306512e-03,5,1.000000e-02
gl,9.808254e-01,1.363403e-03,5,1.000000e-02
nv,9.823181e-01,1.300515e-03,5,1.000000e-02
gl,9.808847e-01,1.358960e-03,5,1.000000e-02
nv,9.822830e-01,1.310355e-03,5,1.000000e-02
gl,9.808925e-01,1.356428e-03,5,1.000000e-02
nv,9.823628e-01,1.304297e-03,5,1.000000e-02
gl,9.809440e-01,1.351837e-03,5,1.000000e-02
nv,9.823990e-01,1.298122e-03,5,1.000000e-02
gl,9.809767e-01,1.349333e-03,5,1.000000e-02
nv,9.823292e-01,1.298507e-03,5,1.000000e-02
gl,9.810100e-01,1.346296e-03,5,1.000000e-02
nv,9.822853e-01,1.296786e-03,5,1.000000e-02
gl,9.810646e-01,1.341074e-03,5,1.000000e-02
nv,9.822707e-01,1.302902e-03,5,1.000000e-02
gl,9.809792e-01,1.340142e-03,5,1.000000e-02
nv,9.822411e-01,1.300122e-03,5,1.000000e-02
gl,9.809478e-01,1.335536e-03,5,1.000000e-02
nv,9.822083e-01,1.305356e-03,5,1.000000e-02
gl,9.810329e-01,1.329768e-03,5,1.000000e-02
nv,9.822509e-01,1.302257e-03,5,1.000000e-02
gl,9.811084e-01,1.323771e-03,5,1.000000e-02
nv,9.822231e-01,1.317032e-03,5,1.000000e-02
gl,9.810508e-01,1.334613e-03,5,1.000000e-02
nv,9.822623e-01,1.311312e-03,5,1.000000e-02
gl,9.811362e-01,1.328909e-03,5,1.000000e-02
nv,9.822245e-01,1.310807e-03,5,1.000000e-02
gl,9.811257e-01,1.326616e-03,5,1.000000e-02
nv,9.821488e-01,1.312222e-03,5,1.000000e-02
gl,9.810852e-01,1.329108e-03,5,1.000000e-02
nv,9.821573e-01,1.307411e-03,5,1.000000e-02
gl,9.811215e-01,1.324211e-03,5,1.000000e-02
nv,9.820753e-01,1.318611e-03,5,1.000000e-02
gl,9.811122e-01,1.326073e-03,5,1.000000e-02
nv,9.821306e-01,1.312884e-03,5,1.000000e-02
gl,9.811324e-01,1.321499e-03,5,1.000000e-02
nv,9.821097e-01,1.309275e-03,5,1.000000e-02
gl,9.810476e-01,1.336947e-03,5,1.000000e-02
nv,9.821208e-01,1.304044e-03,5,1.000000e-02
gl,9.810977e-01,1.331590e-03,5,1.000000e-02
nv,9.821387e-01,1.303215e-03,5,1.000000e-02
gl,9.811272e-01,1.328599e-03,5,1.000000e-02
nv,9.821682e-01,1.297454e-03,5,1.000000e-02
gl,9.810885e-01,1.330673e-03,5,1.000000e-02
nv,9.820717e-01,1.318397e-03,5,1.000000e-02
gl,9.811591e-01,1.325248e-03,5,1.000000e-02
nv,9.819783e-01,1.327725e-03,5,1.000000e-02
gl,9.812432e-01,1.319958e-03,5,1.000000e-02
nv,9.819469e-01,1.337560e-03,5,1.000000e-02
gl,9.812083e-01,1.321991e-03,5,1.000000e-02
nv,9.819952e-01,1.331934e-03,5,1.000000e-02
gl,9.812183e-01,1.317472e-03,5,1.000000e-02
nv,9.817491e-01,1.364925e-03,5,1.000000e-02
gl,9.812240e-01,1.320012e-03,5,1.000000e-02
nv,9.817810e-01,1.359047e-03,5,1.000000e-02
gl,9.812376e-01,1.317964e-03,5,1.000000e-02
nv,9.817845e-01,1.355356e-03,5,1.000000e-02
gl,9.812499e-01,1.314755e-03,5,1.000000e-02
nv,9.817297e-01,1.356949e-03,5,1.000000e-02
gl,9.813108e-01,1.309762e-03,5,1.000000e-02
nv,9.817288e-01,1.363540e-03,5,1.000000e-02
gl,9.813381e-01,1.305112e-03,5,1.000000e-02
nv,9.817571e-01,1.358598e-03,5,1.000000e-02
gl,9.812242e-01,1.324730e-03,5,1.000000e-02
nv,9.817313e-01,1.359620e-03,5,1.000000e-02
gl,9.812105e-01,1.323356e-03,5,1.000000e-02
nv,9.817695e-01,1.354793e-03,5,1.000000e-02
gl,9.812542e-01,1.319178e-03,5,1.000000e-02
nv,9.817021e-01,1.366965e-03,5,1.000000e-02
gl,9.812426e-01,1.328037e-03,5,1.000000e-02
nv,9.817211e-01,1.363195e-03,5,1.000000e-02
gl,9.812695e-01,1.323106e-03,5,1.000000e-02
nv,9.817458e-01,1.358371e-03,5,1.000000e-02
gl,9.812018e-01,1.327452e-03,5,1.000000e-02
nv,9.817278e-01,1.366645e-03,5,1.000000e-02
gl,9.812099e-01,1.327508e-03,5,1.000000e-02
nv,9.817739e-01,1.363684e-03,5,1.000000e-02
gl,9.812527e-01,1.324607e-03,5,1.000000e-02
nv,9.817742e-01,1.368487e-03,5,1.000000e-02
gl,9.812695e-01,1.321779e-03,5,1.000000e-02
nv,9.817151e-01,1.373976e-03,5,1.000000e-02
gl,9.811879e-01,1.325466e-03,5,1.000000e-02
nv,9.817383e-01,1.369675e-03,5,1.000000e-02
gl,9.811365e-01,1.323842e-03,5,1.000000e-02
nv,9.817421e-01,1.365959e-03,5,1.000000e-02
gl,9.811846e-01,1.318852e-03,5,1.000000e-02
nv,9.817319e-01,1.363401e-03,5,1.000000e-02
gl,9.812400e-01,1.313814e-03,5,1.000000e-02
nv,9.817955e-01,1.358713e-03,5,1.000000e-02
gl,9.812803e-01,1.308843e-03,5,1.000000e-02
nv,9.817026e-01,1.368726e-03,5,1.000000e-02
gl,9.812436e-01,1.312924e-03,5,1.000000e-02
nv,9.816955e-01,1.365288e-03,5,1.000000e-02
gl,9.812747e-01,1.309297e-03,5,1.000000e-02
nv,9.816537e-01,1.366642e-03,5,1.000000e-02
gl,9.813066e-01,1.307060e-03,5,1.000000e-02
nv,9.816861e-01,1.363161e-03,5,1.000000e-02
gl,9.813011e-01,1.307909e-03,5,1.000000e-02
nv,9.817171e-01,1.358768e-03,5,1.000000e-02
gl,9.812301e-01,1.320768e-03,5,1.000000e-02
nv,9.817256e-01,1.355570e-03,5,1.000000e-02
gl,9.812013e-01,1.317496e-03,5,1.000000e-02
nv,9.816899e-01,1.367014e-03,5,1.000000e-02
gl,9.812790e-01,1.313001e-03,5,1.000000e-02
nv,9.815920e-01,1.381768e-03,5,1.000000e-02
gl,9.813297e-01,1.308192e-03,5,1.000000e-02
nv,9.815839e-01,1.381584e-03,5,1.000000e-02
gl,9.813504e-01,1.303964e-03,5,1.000000e-02
nv,9.816451e-01,1.376817e-03,5,1.000000e-02
gl,9.813218e-01,1.303611e-03,5,1.000000e-02
nv,9.816726e-01,1.372209e-03,5,1.000000e-02
gl,9.813079e-01,1.307463e-03,5,1.000000e-02
nv,9.816740e-01,1.368395e-03,5,1.000000e-02
gl,9.813070e-01,1.311545e-03,5,1.000000e-02
nv,9.817228e-01,1.363358e-03,5,1.000000e-02
gl,9.813491e-01,1.306908e-03,5,1.000000e-02
nv,9.815826e-01,1.373855e-03,5,1.000000e-02
gl,9.813255e-01,1.314928e-03,5,1.000000e-02
nv,9.815479e-01,1.381849e-03,5,1.000000e-02
gl,9.813046e-01,1.315833e-03,5,1.000000e-02
nv,9.815977e-01,1.376726e-03,5,1.000000e-02
gl,9.812918e-01,1.312962e-03,5,1.000000e-02
nv,9.816033e-01,1.373237e-03,5,1.000000e-02
gl,9.812662e-01,1.324311e-03,5,1.000000e-02
nv,9.816421e-01,1.368680e-03,5,1.000000e-02
gl,9.813274e-01,1.319722e-03,5,1.000000e-02
nv,9.815152e-01,1.383757e-03,5,1.000000e-02
gl,9.813238e-01,1.319971e-03,5,1.000000e-02
nv,9.814630e-01,1.381804e-03,5,1.000000e-02
gl,9.813478e-01,1.317296e-03,5,1.000000e-02
nv,9.815106e-01,1.376856e-03,5,1.000000e-02
gl,9.813982e-01,1.312992e-03,5,1.000000e-02
nv,9.815143e-01,1.373614e-03,5,1.000000e-02
gl,9.813926e-01,1.312964e-03,5,1.000000e-02
nv,9.815383e-01,1.369706e-03,5,1.000000e-02
gl,9.813535e-01,1.316848e-03,5,1.000000e-02
nv,9.815941e-01,1.364878e-03,5,1.000000e-02
gl,9.813634e-01,1.313933e-03,5,1.000000e-02
nv,9.815279e-01,1.374413e-03,5,1.000000e-02
gl,9.814237e-01,1.309604e-03,5,1.000000e-02
nv,9.815643e-01,1.371351e-03,5,1.000000e-02
gl,9.814412e-01,1.306287e-03,5,1.000000e-02
nv,9.815338e-01,1.369924e-03,5,1.000000e-02
gl,9.814656e-01,1.304513e-03,5,1.000000e-02
nv,9.815635e-01,1.367534e-03,5,1.000000e-02
gl,9.815116e-01,1.300106e-03,5,1.000000e-02
nv,9.815761e-01,1.368915e-03,5,1.000000e-02
gl,9.815527e-01,1.296433e-03,5,1.000000e-02
nv,9.814065e-01,1.393898e-03,5,1.000000e-02
gl,9.815226e-01,1.302936e-03,5,1.000000e-02
nv,9.814429e-01,1.389139e-03,5,1.000000e-02
gl,9.815296e-01,1.302648e-03,5,1.000000e-02
nv,9.814325e-01,1.387951e-03,5,1.000000e-02
gl,9.815667e-01,1.299044e-03,5,1.000000e-02
nv,9.814944e-01,1.383467e-03,5,1.000000e-02
gl,9.814972e-01,1.306104e-03,5,1.000000e-02
nv,9.815348e-01,1.379410e-03,5,1.000000e-02
gl,9.815010e-01,1.304332e-03,5,1.000000e-02
nv,9.815322e-01,1.376676e-03,5,1.000000e-02
gl,9.815173e-01,1.301267e-03,5,1.000000e-02
nv,9.815885e-01,1.372221e-03,5,1.000000e-02
gl,9.814460e-01,1.305614e-03,5,1.000000e-02
nv,9.815714e-01,1.373469e-03,5,1.000000e-02
gl,9.814413e-01,1.304787e-03,5,1.000000e-02
nv,9.814456e-01,1.393437e-03,5,1.000000e-02
gl,9.814721e-01,1.300994e-03,5,1.000000e-02
nv,9.813176e-01,1.410277e-03,5,1.000000e-02
gl,9.814417e-01,1.305267e-03,5,1.000000e-02
nv,9.813567e-01,1.405732e-03,5,1.000000e-02
gl,9.814065e-01,1.312026e-03,5,1.000000e-02
nv,9.813599e-01,1.403578e-03,5,1.000000e-02
gl,9.814292e-01,1.307650e-03,5,1.000000e-02
nv,9.812792e-01,1.413065e-03,5,1.000000e-02
gl,9.814739e-01,1.304040e-03,5,1.000000e-02
nv,9.812526e-01,1.418713e-03,5,1.000000e-02
gl,9.814269e-01,1.314951e-03,5,1.000000e-02
nv,9.812756e-01,1.414428e-03,5,1.000000e-02
gl,9.814349e-01,1.313073e-03,5,1.000000e-02
nv,9.812782e-01,1.413723e-03,5,1.000000e-02
gl,9.814661e-01,1.309084e-03,5,1.000000e-02
nv,9.813422e-01,1.409488e-03,5,1.000000e-02
gl,9.814420e-01,1.314713e-03,5,1.000000e-02
nv,9.813376e-01,1.408721e-03,5,1.000000e-02
gl,9.814035e-01,1.315460e-03,5,1.000000e-02
nv,9.813588e-01,1.405735e-03,5,1.000000e-02
gl,9.814025e-01,1.316073e-03,5,1.000000e-02
nv,9.814086e-01,1.401535e-03,5,1.000000e-02
gl,9.813581e-01,1.317419e-03,5,1.000000e-02
nv,9.813649e-01,1.407319e-03,5,1.000000e-02
gl,9.813515e-01,1.314751e-03,5,1.000000e-02
nv,9.814134e-01,1.402993e-03,5,1.000000e-02
gl,9.814002e-01,1.310688e-03,5,1.000000e-02
nv,9.813213e-01,1.411565e-03,5,1.000000e-02
gl,9.813481e-01,1.311343e-03,5,1.000000e-02
nv,9.812817e-01,1.417658e-03,5,1.000000e-02
gl,9.813653e-01,1.313076e-03,5,1.000000e-02
nv,9.812369e-01,1.419314e-03,5,1.000000e-02
gl,9.814203e-01,1.309239e-03,5,1.000000e-02
nv,9.812022e-01,1.420017e-03,5,1.000000e-02
gl,9.814245e-01,1.306759e-03,5,1.000000e-02
nv,9.811081e-01,1.434149e-03,5,1.000000e-02
gl,9.813723e-01,1.307381e-03,5,1.000000e-02
nv,9.811479e-01,1.430229e-03,5,1.000000e-02
gl,9.814304e-01,1.303617e-03,5,1.000000e-02
nv,9.811614e-01,1.427561e-03,5,1.000000e-02
gl,9.813976e-01,1.306181e-03,5,1.000000e-02
nv,9.811616e-01,1.425136e-03,5,1.000000e-02
gl,9.814061e-01,1.305001e-03,5,1.000000e-02
nv,9.811480e-01,1.424086e-03,5,1.000000e-02
gl,9.813367e-01,1.312938e-03,5,1.000000e-02
nv,9.811602e-01,1.421904e-03,5,1.000000e-02
gl,9.813886e-01,1.309299e-03,5,1.000000e-02
nv,9.811729e-01,1.417513e-03,5,1.000000e-02
gl,9.814334e-01,1.306340e-03,5,1.000000e-02
nv,9.811968e-01,1.414444e-03,5,1.000000e-02
gl,9.814207e-01,1.311295e-03,5,1.000000e-02
nv,9.811456e-01,1.425955e-03,5,1.000000e-02
gl,9.814468e-01,1.309433e-03,5,1.000000e-02
nv,9.811951e-01,1.421959e-03,5,1.000000e-02
gl,9.814535e-01,1.307912e-03,5,1.000000e-02
nv,9.811896e-01,1.425586e-03,5,1.000000e-02
gl,9.814800e-01,1.305971e-03,5,1.000000e-02
nv,9.810887e-01,1.433415e-03,5,1.000000e-02
gl,9.814797e-01,1.302985e-03,5,1.000000e-02
nv,9.810930e-01,1.431041e-03,5,1.000000e-02
gl,9.814571e-01,1.307730e-03,5,1.000000e-02
nv,9.811103e-01,1.427413e-03,5,1.000000e-02
gl,9.814759e-01,1.306351e-03,5,1.000000e-02
nv,9.811060e-01,1.425842e-03,5,1.000000e-02
gl,9.814531e-01,1.311721e-03,5,1.000000e-02
nv,9.810529e-01,1.427547e-03,5,1.000000e-02
gl,9.814582e-01,1.309690e-03,5,1.000000e-02
nv,9.810970e-01,1.423493e-03,5,1.000000e-02
gl,9.815010e-01,1.306654e-03,5,1.000000e-02
nv,9.810655e-01,1.425895e-03,5,1.000000e-02
gl,9.815287e-01,1.303314e-03,5,1.000000e-02
nv,9.810450e-01,1.426158e-03,5,1.000000e-02
gl,9.815477e-01,1.301354e-03,5,1.000000e-02
nv,9.810249e-01,1.429005e-03,5,1.000000e-02
gl,9.815305e-01,1.302933e-03,5,1.000000e-02
nv,9.809969e-01,1.433009e-03,5,1.000000e-02
gl,9.815747e-01,1.299442e-03,5,1.000000e-02
nv,9.809891e-01,1.432740e-03,5,1.000000e-02
gl,9.815156e-01,1.307535e-03,5,1.000000e-02
nv,9.810378e-01,1.428840e-03,5,1.000000e-02
gl,9.815313e-01,1.305840e-03,5,1.000000e-02
nv,9.810286e-01,1.429780e-03,5,1.000000e-02
gl,9.815869e-01,1.302365e-03,5,1.000000e-02
nv,9.810316e-01,1.428669e-03,5,1.000000e-02
gl,9.815939e-01,1.303840e-03,5,1.000000e-02
nv,9.810121e-01,1.427095e-03,5,1.000000e-02
gl,9.816411e-01,1.300439e-03,5,1.000000e-02
nv,9.810321e-01,1.423796e-03,5,1.000000e-02
gl,9.815922e-01,1.301065e-03,5,1.000000e-02
nv,9.809237e-01,1.438167e-03,5,1.000000e-02
gl,9.816229e-01,1.298173e-03,5,1.000000e-02
nv,9.808629e-01,1.442166e-03,5,1.000000e-02
gl,9.816198e-01,1.300042e-03,5,1.000000e-02
nv,9.808800e-01,1.439012e-03,5,1.000000e-02
gl,9.815723e-01,1.308541e-03,5,1.000000e-02
nv,9.808593e-01,1.442277e-03,5,1.000000e-02
gl,9.816079e-01,1.305243e-03,5,1.000000e-02
nv,9.808551e-01,1.444362e-03,5,1.000000e-02
gl,9.815932e-01,1.306656e-03,5,1.000000e-02
nv,9.808406e-01,1.447253e-03,5,1.000000e-02
gl,9.816019e-01,1.304323e-03,5,1.000000e-02
nv,9.808611e-01,1.444706e-03,5,1.000000e-02
gl,9.815786e-01,1.304588e-03,5,1.000000e-02
nv,9.808827e-01,1.441448e-03,5,1.000000e-02
gl,9.814918e-01,1.314272e-03,5,1.000000e-02
nv,9.808957e-01,1.438620e-03,5,1.000000e-02
gl,9.815229e-01,1.311306e-03,5,1.000000e-02
nv,9.809412e-01,1.434703e-03,5,1.000000e-02
gl,9.814689e-01,1.316977e-03,5,1.000000e-02
nv,9.808317e-01,1.450209e-03,5,1.000000e-02
gl,9.814922e-01,1.315022e-03,5,1.000000e-02
nv,9.808454e-01,1.447112e-03,5,1.000000e-02
gl,9.815310e-01,1.311940e-03,5,1.000000e-02
nv,9.808512e-01,1.448722e-03,5,1.000000e-02
gl,9.815545e-01,1.309637e-03,5,1.000000e-02
nv,9.807757e-01,1.451444e-03,5,1.000000e-02
gl,9.815690e-01,1.308629e-03,5,1.000000e-02
nv,9.808096e-01,1.448465e-03,5,1.000000e-02
gl,9.815348e-01,1.310280e-03,5,1.000000e-02
nv,9.807871e-01,1.452856e-03,5,1.000000e-02
gl,9.815363e-01,1.307376e-03,5,1.000000e-02
nv,9.807994e-01,1.450848e-03,5,1.000000e-02
gl,9.815378e-01,1.305423e-03,5,1.000000e-02
nv,9.807897e-01,1.452522e-03,5,1.000000e-02
gl,9.815273e-01,1.307048e-03,5,1.000000e-02
nv,9.808096e-01,1.450142e-03,5,1.000000e-02
gl,9.815008e-01,1.312432e-03,5,1.000000e-02
nv,9.808119e-01,1.448171e-03,5,1.000000e-02
gl,9.814652e-01,1.315064e-03,5,1.000000e-02
nv,9.807835e-01,1.448696e-03,5,1.000000e-02
gl,9.814417e-01,1.313745e-03,5,1.000000e-02
nv,9.808330e-01,1.445257e-03,5,1.000000e-02
gl,9.814820e-01,1.310621e-03,5,1.000000e-02
nv,9.808303e-01,1.443831e-03,5,1.000000e-02
gl,9.815208e-01,1.307393e-03,5,1.000000e-02
nv,9.808407e-01,1.442978e-03,5,1.000000e-02
gl,9.815428e-01,1.306508e-03,5,1.000000e-02
nv,9.808206e-01,1.448059e-03,5,1.000000e-02
gl,9.814582e-01,1.322379e-03,5,1.000000e-02
nv,9.808231e-01,1.448624e-03,5,1.000000e-02
gl,9.814248e-01,1.333820e-03,5,1.000000e-02
nv,9.808560e-01,1.445183e-03,5,1.000000e-02
gl,9.814746e-01,1.330627e-03,5,1.000000e-02
nv,9.808716e-01,1.441655e-03,5,1.000000e-02
gl,9.813970e-01,1.338587e-03,5,1.000000e-02
nv,9.808980e-01,1.438129e-03,5,1.000000e-02
gl,9.813788e-01,1.337267e-03,5,1.000000e-02
nv,9.809104e-01,1.435995e-03,5,1.000000e-02
gl,9.814193e-01,1.334064e-03,5,1.000000e-02
nv,9.809470e-01,1.432470e-03,5,1.000000e-02
gl,9.814258e-01,1.332866e-03,5,1.000000e-02
nv,9.809682e-01,1.429198e-03,5,1.000000e-02
gl,9.814227e-01,1.335813e-03,5,1.000000e-02
nv,9.810140e-01,1.425660e-03,5,1.000000e-02
gl,9.814202e-01,1.334970e-03,5,1.000000e-02
nv,9.810281e-01,1.423034e-03,5,1.000000e-02
gl,9.814717e-01,1.331860e-03,5,1.000000e-02
nv,9.810629e-01,1.419474e-03,5,1.000000e-02
gl,9.815080e-01,1.329003e-03,5,1.000000e-02
nv,9.811175e-01,1.416222e-03,5,1.000000e-02
gl,9.814721e-01,1.333473e-03,5,1.000000e-02
nv,9.811032e-01,1.418604e-03,5,1.000000e-02
gl,9.814701e-01,1.331857e-03,5,1.000000e-02
nv,9.811523e-01,1.415274e-03,5,1.000000e-02
gl,9.815040e-01,1.328551e-03,5,1.000000e-02
nv,9.811833e-01,1.411652e-03,5,1.000000e-02
gl,9.814711e-01,1.330279e-03,5,1.000000e-02
nv,9.811882e-01,1.411501e-03,5,1.000000e-02
gl,9.814564e-01,1.332068e-03,5,1.000000e-02
nv,9.811060e-01,1.421680e-03,5,1.000000e-02
gl,9.814222e-01,1.333266e-03,5,1.000000e-02
nv,9.811383e-01,1.418475e-03,5,1.000000e-02
gl,9.814368e-01,1.331662e-03,5,1.000000e-02
nv,9.811310e-01,1.415779e-03,5,1.000000e-02
gl,9.814331e-01,1.329645e-03,5,1.000000e-02
nv,9.811592e-01,1.412882e-03,5,1.000000e-02
gl,9.814095e-01,1.331445e-03,5,1.000000e-02
nv,9.811537e-01,1.411452e-03,5,1.000000e-02
gl,9.814543e-01,1.328342e-03,5,1.000000e-02
nv,9.810983e-01,1.414401e-03,5,1.000000e-02
gl,9.814743e-01,1.325359e-03,5,1.000000e-02
nv,9.810574e-01,1.422853e-03,5,1.000000e-02
gl,9.814776e-01,1.323198e-03,5,1.000000e-02
nv,9.810904e-01,1.419508e-03,5,1.000000e-02
gl,9.814650e-01,1.322955e-03,5,1.000000e-02
nv,9.810801e-01,1.420388e-03,5,1.000000e-02
gl,9.814263e-01,1.327353e-03,5,1.000000e-02
nv,9.811203e-01,1.417101e-03,5,1.000000e-02
gl,9.813372e-01,1.342282e-03,5,1.000000e-02
nv,9.811147e-01,1.415529e-03,5,1.000000e-02
gl,9.813077e-01,1.343960e-03,5,1.000000e-02
nv,9.811393e-01,1.412753e-03,5,1.000000e-02
gl,9.812661e-01,1.348838e-03,5,1.000000e-02
nv,9.811690e-01,1.409507e-03,5,1.000000e-02
gl,9.812417e-01,1.349520e-03,5,1.000000e-02
nv,9.811989e-01,1.406587e-03,5,1.000000e-02
gl,9.812636e-01,1.348259e-03,5,1.000000e-02
nv,9.812266e-01,1.403201e-03,5,1.000000e-02
gl,9.812906e-01,1.345274e-03,5,1.000000e-02
nv,9.812134e-01,1.406198e-03,5,1.000000e-02
gl,9.813275e-01,1.342285e-03,5,1.000000e-02
nv,9.812134e-01,1.408219e-03,5,1.000000e-02
gl,9.813265e-01,1.343212e-03,5,1.000000e-02
nv,9.812351e-01,1.406687e-03,5,1.000000e-02
gl,9.813102e-01,1.348155e-03,5,1.000000e-02
nv,9.812403e-01,1.405514e-03,5,1.000000e-02
gl,9.812950e-01,1.348792e-03,5,1.000000e-02
nv,9.812543e-01,1.402910e-03,5,1.000000e-02
gl,9.813061e-01,1.349556e-03,5,1.000000e-02
nv,9.812876e-01,1.399736e-03,5,1.000000e-02
gl,9.813476e-01,1.346498e-03,5,1.000000e-02
nv,9.812695e-01,1.400386e-03,5,1.000000e-02
gl,9.813905e-01,1.343591e-03,5,1.000000e-02
nv,9.812835e-01,1.396947e-03,5,1.000000e-02
gl,9.814136e-01,1.340639e-03,5,1.000000e-02
nv,9.813042e-01,1.394339e-03,5,1.000000e-02
gl,9.813745e-01,1.349471e-03,5,1.000000e-02
nv,9.813211e-01,1.391929e-03,5,1.000000e-02
gl,9.813327e-01,1.351994e-03,5,1.000000e-02
nv,9.812317e-01,1.399776e-03,5,1.000000e-02
gl,9.812822e-01,1.352948e-03,5,1.000000e-02
nv,9.812295e-01,1.399873e-03,5,1.000000e-02
gl,9.812834e-01,1.353800e-03,5,1.000000e-02
nv,9.811822e-01,1.404403e-03,5,1.000000e-02
gl,9.813211e-01,1.350736e-03,5,1.000000e-02
nv,9.812078e-01,1.401482e-03,5,1.000000e-02
gl,9.813197e-01,1.350921e-03,5,1.000000e-02
nv,9.812144e-01,1.402316e-03,5,1.000000e-02
gl,9.813281e-01,1.349455e-03,5,1.000000e-02
nv,9.812001e-01,1.403529e-03,5,1.000000e-02
gl,9.813398e-01,1.347217e-03,5,1.000000e-02
nv,9.812164e-01,1.401333e-03,5,1.000000e-02
gl,9.813805e-01,1.344266e-03,5,1.000000e-02
nv,9.812561e-01,1.398248e-03,5,1.000000e-02
gl,9.814278e-01,1.341507e-03,5,1.000000e-02
nv,9.813012e-01,1.395271e-03,5,1.000000e-02
gl,9.813755e-01,1.355016e-03,5,1.000000e-02
nv,9.812913e-01,1.392710e-03,5,1.000000e-02
gl,9.814076e-01,1.352264e-03,5,1.000000e-02
nv,9.813334e-01,1.389678e-03,5,1.000000e-02
gl,9.814062e-01,1.356797e-03,5,1.000000e-02
nv,9.812962e-01,1.388951e-03,5,1.000000e-02
gl,9.813593e-01,1.362142e-03,5,1.000000e-02
nv,9.812425e-01,1.391310e-03,5,1.000000e-02
gl,9.813716e-01,1.360149e-03,5,1.000000e-02
nv,9.812746e-01,1.388682e-03,5,1.000000e-02
gl,9.813628e-01,1.359905e-03,5,1.000000e-02
nv,9.812728e-01,1.387814e-03,5,1.000000e-02
gl,9.813990e-01,1.357216e-03,5,1.000000e-02
nv,9.812637e-01,1.385976e-03,5,1.000000e-02
gl,9.814046e-01,1.359355e-03,5,1.000000e-02
nv,9.812408e-01,1.386370e-03,5,1.000000e-02
gl,9.814441e-01,1.356500e-03,5,1.000000e-02
nv,9.812148e-01,1.389627e-03,5,1.000000e-02
gl,9.814393e-01,1.355212e-03,5,1.000000e-02
nv,9.812377e-01,1.387021e-03,5,1.000000e-02
gl,9.814034e-01,1.356471e-03,5,1.000000e-02
nv,9.812517e-01,1.385213e-03,5,1.000000e-02
gl,9.814365e-01,1.353446e-03,5,1.000000e-02
nv,9.812815e-01,1.382206e-03,5,1.000000e-02
gl,9.814273e-01,1.354257e-03,5,1.000000e-02
nv,9.813152e-01,1.379522e-03,5,1.000000e-02
gl,9.813523e-01,1.365799e-03,5,1.000000e-02
nv,9.813618e-01,1.376787e-03,5,1.000000e-02
gl,9.813538e-01,1.364355e-03,5,1.000000e-02
nv,9.813425e-01,1.381155e-03,5,1.000000e-02
gl,9.813947e-01,1.361640e-03,5,1.000000e-02
nv,9.813792e-01,1.378168e-03,5,1.000000e-02
gl,9.814022e-01,1.361161e-03,5,1.000000e-02
nv,9.813883e-01,1.376968e-03,5,1.000000e-02
gl,9.814401e-01,1.358401e-03,5,1.000000e-02
nv,9.813478e-01,1.382248e-03,5,1.000000e-02
gl,9.814572e-01,1.356199e-03,5,1.000000e-02
nv,9.813921e-01,1.379487e-03,5,1.000000e-02
gl,9.814867e-01,1.353273e-03,5,1.000000e-02
nv,9.814230e-01,1.376575e-03,5,1.000000e-02
gl,9.815137e-01,1.350794e-03,5,1.000000e-02
nv,9.813658e-01,1.387790e-03,5,1.000000e-02
gl,9.814979e-01,1.349452e-03,5,1.000000e-02
nv,9.813590e-01,1.385443e-03,5,1.000000e-02
gl,9.815383e-01,1.346700e-03,5,1.000000e-02
nv,9.812917e-01,1.393788e-03,5,1.000000e-02
gl,9.815287e-01,1.352031e-03,5,1.000000e-02
nv,9.812149e-01,1.404011e-03,5,1.000000e-02
gl,9.815614e-01,1.349364e-03,5,1.000000e-02
nv,9.812354e-01,1.401263e-03,5,1.000000e-02
gl,9.815399e-01,1.351671e-03,5,1.000000e-02
nv,9.811898e-01,1.408637e-03,5,1.000000e-02
gl,9.815038e-01,1.355460e-03,5,1.000000e-02
nv,9.812096e-01,1.405994e-03,5,1.000000e-02
gl,9.814413e-01,1.360245e-03,5,1.000000e-02
nv,9.811892e-01,1.411845e-03,5,1.000000e-02
gl,9.814229e-01,1.358152e-03,5,1.000000e-02
nv,9.811554e-01,1.415109e-03,5,1.000000e-02
gl,9.814564e-01,1.355758e-03,5,1.000000e-02
nv,9.811327e-01,1.414423e-03,5,1.000000e-02
gl,9.814531e-01,1.355424e-03,5,1.000000e-02
nv,9.811480e-01,1.413099e-03,5,1.000000e-02
gl,9.814467e-01,1.354647e-03,5,1.000000e-02
nv,9.811708e-01,1.410356e-03,5,1.000000e-02
gl,9.814585e-01,1.354802e-03,5,1.000000e-02
nv,9.812116e-01,1.407585e-03,5,1.000000e-02
gl,9.814461e-01,1.355168e-03,5,1.000000e-02
nv,9.811542e-01,1.410609e-03,5,1.000000e-02
gl,9.814491e-01,1.357962e-03,5,1.000000e-02
nv,9.811439e-01,1.410667e-03,5,1.000000e-02
gl,9.814753e-01,1.355189e-03,5,1.000000e-02
nv,9.811280e-01,1.412567e-03,5,1.000000e-02
gl,9.814887e-01,1.353252e-03,5,1.000000e-02
nv,9.811447e-01,1.409771e-03,5,1.000000e-02
gl,9.815330e-01,1.350755e-03,5,1.000000e-02
nv,9.811660e-01,1.407875e-03,5,1.000000e-02
gl,9.815497e-01,1.348678e-03,5,1.000000e-02
nv,9.811758e-01,1.405669e-03,5,1.000000e-02
gl,9.815352e-01,1.347377e-03,5,1.000000e-02
nv,9.811703e-01,1.405195e-03,5,1.000000e-02
gl,9.815307e-01,1.348869e-03,5,1.000000e-02
nv,9.812073e-01,1.402546e-03,5,1.000000e-02
gl,9.814739e-01,1.356676e-03,5,1.000000e-02
nv,9.812070e-01,1.403462e-03,5,1.000000e-02
gl,9.813887e-01,1.364659e-03,5,1.000000e-02
nv,9.812121e-01,1.402225e-03,5,1.000000e-02
gl,9.813225e-01,1.373544e-03,5,1.000000e-02
nv,9.812303e-01,1.399590e-03,5,1.000000e-02
gl,9.813534e-01,1.371196e-03,5,1.000000e-02
nv,9.812179e-01,1.401637e-03,5,1.000000e-02
gl,9.813543e-01,1.370279e-03,5,1.000000e-02
nv,9.812266e-01,1.399980e-03,5,1.000000e-02
gl,9.813886e-01,1.367704e-03,5,1.000000e-02
nv,9.812257e-01,1.398515e-03,5,1.000000e-02
gl,9.813855e-01,1.368763e-03,5,1.000000e-02
nv,9.812203e-01,1.402663e-03,5,1.000000e-02
gl,9.814094e-01,1.366918e-03,5,1.000000e-02
nv,9.812355e-01,1.401090e-03,5,1.000000e-02
gl,9.814229e-01,1.365090e-03,5,1.000000e-02
nv,9.812493e-01,1.398757e-03,5,1.000000e-02
gl,9.814198e-01,1.368643e-03,5,1.000000e-02
nv,9.812511e-01,1.398687e-03,5,1.000000e-02
gl,9.814013e-01,1.367960e-03,5,1.000000e-02
nv,9.812621e-01,1.396158e-03,5,1.000000e-02
gl,9.814010e-01,1.365811e-03,5,1.000000e-02
nv,9.812255e-01,1.399620e-03,5,1.000000e-02
gl,9.813861e-01,1.364747e-03,5,1.000000e-02
nv,9.812491e-01,1.397388e-03,5,1.000000e-02
gl,9.814004e-01,1.362614e-03,5,1.000000e-02
nv,9.812452e-01,1.398736e-03,5,1.000000e-02
gl,9.814161e-01,1.360631e-03,5,1.000000e-02
nv,9.812605e-01,1.396245e-03,5,1.000000e-02
gl,9.814492e-01,1.358062e-03,5,1.000000e-02
nv,9.812310e-01,1.400228e-03,5,1.000000e-02
gl,9.814330e-01,1.359717e-03,5,1.000000e-02
nv,9.812380e-01,1.398752e-03,5,1.000000e-02
gl,9.814368e-01,1.360235e-03,5,1.000000e-02
nv,9.812224e-01,1.401004e-03,5,1.000000e-02
gl,9.814418e-01,1.359434e-03,5,1.000000e-02
nv,9.811890e-01,1.404154e-03,5,1.000000e-02
gl,9.813911e-01,1.363661e-03,5,1.000000e-02
nv,9.812002e-01,1.402960e-03,5,1.000000e-02
gl,9.813836e-01,1.364163e-03,5,1.000000e-02
nv,9.812222e-01,1.400643e-03,5,1.000000e-02
gl,9.813878e-01,1.363258e-03,5,1.000000e-02
nv,9.812379e-01,1.398675e-03,5,1.000000e-02
gl,9.814145e-01,1.360877e-03,5,1.000000e-02
nv,9.812656e-01,1.396012e-03,5,1.000000e-02
gl,9.813967e-01,1.361282e-03,5,1.000000e-02
nv,9.812854e-01,1.393747e-03,5,1.000000e-02
gl,9.814284e-01,1.358831e-03,5,1.000000e-02
nv,9.812726e-01,1.393977e-03,5,1.000000e-02
gl,9.814527e-01,1.357005e-03,5,1.000000e-02
nv,9.812728e-01,1.392870e-03,5,1.000000e-02
gl,9.814795e-01,1.354540e-03,5,1.000000e-02
nv,9.812880e-01,1.392241e-03,5,1.000000e-02
gl,9.814893e-01,1.352858e-03,5,1.000000e-02
nv,9.812725e-01,1.392602e-03,5,1.000000e-02
gl,9.815036e-01,1.352338e-03,5,1.000000e-02
nv,9.812619e-01,1.392491e-03,5,1.000000e-02
gl,9.814829e-01,1.354484e-03,5,1.000000e-02
nv,9.812920e-01,1.389963e-03,5,1.000000e-02
gl,9.814776e-01,1.355806e-03,5,1.000000e-02
nv,9.812694e-01,1.390165e-03,5,1.000000e-02
gl,9.814869e-01,1.354585e-03,5,1.000000e-02
nv,9.812891e-01,1.387642e-03,5,1.000000e-02
gl,9.815145e-01,1.352391e-03,5,1.000000e-02
nv,9.812956e-01,1.385239e-03,5,1.000000e-02
gl,9.815436e-01,1.349854e-03,5,1.000000e-02
nv,9.812957e-01,1.384205e-03,5,1.000000e-02
gl,9.815367e-01,1.352111e-03,5,1.000000e-02
nv,9.813037e-01,1.382201e-03,5,1.000000e-02
gl,9.814887e-01,1.360789e-03,5,1.000000e-02
nv,9.812604e-01,1.387607e-03,5,1.000000e-02
gl,9.814950e-01,1.360071e-03,5,1.000000e-02
nv,9.812866e-01,1.385173e-03,5,1.000000e-02
gl,9.815047e-01,1.358755e-03,5,1.000000e-02
nv,9.812963e-01,1.383007e-03,5,1.000000e-02
gl,9.814858e-01,1.359222e-03,5,1.000000e-02
nv,9.813166e-01,1.381911e-03,5,1.000000e-02
gl,9.815190e-01,1.356826e-03,5,1.000000e-02
nv,9.813358e-01,1.379707e-03,5,1.000000e-02
gl,9.815368e-01,1.354973e-03,5,1.000000e-02
nv,9.813170e-01,1.380245e-03,5,1.000000e-02
gl,9.815294e-01,1.357021e-03,5,1.000000e-02
nv,9.813556e-01,1.377895e-03,5,1.000000e-02
gl,9.814748e-01,1.362695e-03,5,1.000000e-02
nv,9.813733e-01,1.375188e-03,5,1.000000e-02
gl,9.814315e-01,1.365666e-03,5,1.000000e-02
nv,9.813992e-01,1.373063e-03,5,1.000000e-02
gl,9.814302e-01,1.365799e-03,5,1.000000e-02
nv,9.814342e-01,1.370656e-03,5,1.000000e-02
gl,9.814571e-01,1.363532e-03,5,1.000000e-02
nv,9.814647e-01,1.368222e-03,5,1.000000e-02
gl,9.814385e-01,1.367333e-03,5,1.000000e-02
nv,9.814899e-01,1.365853e-03,5,1.000000e-02
gl,9.814581e-01,1.364841e-03,5,1.000000e-02
nv,9.814963e-01,1.363767e-03,5,1.000000e-02
gl,9.814890e-01,1.362481e-03,5,1.000000e-02
nv,9.814796e-01,1.364869e-03,5,1.000000e-02
gl,9.814293e-01,1.368787e-03,5,1.000000e-02
nv,9.814545e-01,1.366880e-03,5,1.000000e-02
gl,9.814425e-01,1.366511e-03,5,1.000000e-02
nv,9.814502e-01,1.367038e-03,5,1.000000e-02
gl,9.813875e-01,1.374997e-03,5,1.000000e-02
nv,9.814542e-01,1.366023e-03,5,1.000000e-02
gl,9.814079e-01,1.372598e-03,5,1.000000e-02
nv,9.814279e-01,1.367552e-03,5,1.000000e-02
gl,9.814302e-01,1.370036e-03,5,1.000000e-02
nv,9.814449e-01,1.365430e-03,5,1.000000e-02
gl,9.814310e-01,1.371346e-03,5,1.000000e-02
nv,9.814718e-01,1.363028e-03,5,1.000000e-02
gl,9.814499e-01,1.369087e-03,5,1.000000e-02
nv,9.814980e-01,1.360771e-03,5,1.000000e-02
gl,9.814644e-01,1.366726e-03,5,1.000000e-02
nv,9.815232e-01,1.358521e-03,5,1.000000e-02
gl,9.814898e-01,1.364364e-03,5,1.000000e-02
nv,9.815461e-01,1.356116e-03,5,1.000000e-02
gl,9.814044e-01,1.374678e-03,5,1.000000e-02
nv,9.815475e-01,1.357916e-03,5,1.000000e-02
gl,9.813539e-01,1.378861e-03,5,1.000000e-02
nv,9.815377e-01,1.356313e-03,5,1.000000e-02
gl,9.813507e-01,1.380262e-03,5,1.000000e-02
nv,9.815588e-01,1.354711e-03,5,1.000000e-02
gl,9.813688e-01,1.378832e-03,5,1.000000e-02
nv,9.815394e-01,1.356583e-03,5,1.000000e-02
gl,9.814038e-01,1.376550e-03,5,1.000000e-02
nv,9.815741e-01,1.354331e-03,5,1.000000e-02
gl,9.814233e-01,1.375041e-03,5,1.000000e-02
nv,9.815676e-01,1.352690e-03,5,1.000000e-02
gl,9.814430e-01,1.372639e-03,5,1.000000e-02
nv,9.815832e-01,1.350383e-03,5,1.000000e-02
gl,9.814770e-01,1.370355e-03,5,1.000000e-02
nv,9.816189e-01,1.348199e-03,5,1.000000e-02
gl,9.814706e-01,1.370603e-03,5,1.000000e-02
nv,9.815836e-01,1.350553e-03,5,1.000000e-02
gl,9.814852e-01,1.368611e-03,5,1.000000e-02
nv,9.815362e-01,1.352459e-03,5,1.000000e-02
gl,9.815093e-01,1.366364e-03,5,1.000000e-02
nv,9.815262e-01,1.352653e-03,5,1.000000e-02
gl,9.814955e-01,1.366627e-03,5,1.000000e-02
nv,9.815434e-01,1.350773e-03,5,1.000000e-02
gl,9.815141e-01,1.364625e-03,5,1.000000e-02
nv,9.815537e-01,1.348729e-03,5,1.000000e-02
gl,9.815467e-01,1.362417e-03,5,1.000000e-02
nv,9.815643e-01,1.346937e-03,5,1.000000e-02
gl,9.815242e-01,1.366988e-03,5,1.000000e-02
nv,9.815432e-01,1.347007e-03,5,1.000000e-02
gl,9.815041e-01,1.367206e-03,5,1.000000e-02
nv,9.815718e-01,1.344796e-03,5,1.000000e-02
gl,9.814781e-01,1.369542e-03,5,1.000000e-02
nv,9.815863e-01,1.342980e-03,5,1.000000e-02
gl,9.815067e-01,1.367225e-03,5,1.000000e-02
nv,9.815727e-01,1.343623e-03,5,1.000000e-02
gl,9.814925e-01,1.366961e-03,5,1.000000e-02
nv,9.815538e-01,1.345247e-03,5,1.000000e-02
gl,9.814808e-01,1.367716e-03,5,1.000000e-02
nv,9.815875e-01,1.343081e-03,5,1.000000e-02
gl,9.815131e-01,1.365497e-03,5,1.000000e-02
nv,9.816151e-01,1.340802e-03,5,1.000000e-02
gl,9.815236e-01,1.364234e-03,5,1.000000e-02
nv,9.816367e-01,1.339179e-03,5,1.000000e-02
gl,9.814959e-01,1.369610e-03,5,1.000000e-02
nv,9.816314e-01,1.338527e-03,5,1.000000e-02
gl,9.815110e-01,1.367732e-03,5,1.000000e-02
nv,9.816106e-01,1.340458e-03,5,1.000000e-02
gl,9.814906e-01,1.369326e-03,5,1.000000e-02
nv,9.816254e-01,1.338454e-03,5,1.000000e-02
gl,9.815199e-01,1.367046e-03,5,1.000000e-02
nv,9.816134e-01,1.338457e-03,5,1.000000e-02
gl,9.815525e-01,1.364855e-03,5,1.000000e-02
nv,9.815769e-01,1.346262e-03,5,1.000000e-02
gl,9.815476e-01,1.366917e-03,5,1.000000e-02
nv,9.815858e-01,1.346401e-03,5,1.000000e-02
gl,9.815590e-01,1.365360e-03,5,1.000000e-02
nv,9.815714e-01,1.347608e-03,5,1.000000e-02
gl,9.815427e-01,1.365288e-03,5,1.000000e-02
nv,9.815264e-01,1.348315e-03,5,1.000000e-02
gl,9.815392e-01,1.365304e-03,5,1.000000e-02
nv,9.815615e-01,1.346249e-03,5,1.000000e-02
gl,9.815532e-01,1.364715e-03,5,1.000000e-02
nv,9.815351e-01,1.349271e-03,5,1.000000e-02
gl,9.815861e-01,1.362570e-03,5,1.000000e-02
nv,9.815205e-01,1.351550e-03,5,1.000000e-02
gl,9.816070e-01,1.360627e-03,5,1.000000e-02
nv,9.814978e-01,1.354170e-03,5,1.000000e-02
gl,9.816078e-01,1.361491e-03,5,1.000000e-02
nv,9.815024e-01,1.353349e-03,5,1.000000e-02
gl,9.816280e-01,1.359551e-03,5,1.000000e-02
nv,9.814995e-01,1.351670e-03,5,1.000000e-02
gl,9.816260e-01,1.359133e-03,5,1.000000e-02
nv,9.815271e-01,1.349471e-03,5,1.000000e-02
gl,9.816128e-01,1.360924e-03,5,1.000000e-02
nv,9.815364e-01,1.348175e-03,5,1.000000e-02
gl,9.816398e-01,1.358844e-03,5,1.000000e-02
nv,9.815042e-01,1.350297e-03,5,1.000000e-02
gl,9.816534e-01,1.357114e-03,5,1.000000e-02
nv,9.815302e-01,1.348136e-03,5,1.000000e-02
gl,9.816432e-01,1.360921e-03,5,1.000000e-02
nv,9.815380e-01,1.346239e-03,5,1.000000e-02
gl,9.816139e-01,1.365522e-03,5,1.000000e-02
nv,9.815639e-01,1.344012e-03,5,1.000000e-02
gl,9.816068e-01,1.366909e-03,5,1.000000e-02
nv,9.815685e-01,1.342695e-03,5,1.000000e-02
gl,9.816272e-01,1.364632e-03,5,1.000000e-02
nv,9.815929e-01,1.340606e-03,5,1.000000e-02
gl,9.816581e-01,1.362508e-03,5,1.000000e-02
nv,9.815979e-01,1.338805e-03,5,1.000000e-02
gl,9.816861e-01,1.360462e-03,5,1.000000e-02
nv,9.815917e-01,1.339741e-03,5,1.000000e-02
gl,9.817042e-01,1.359300e-03,5,1.000000e-02
nv,9.815405e-01,1.345219e-03,5,1.000000e-02
gl,9.816894e-01,1.359657e-03,5,1.000000e-02
nv,9.815573e-01,1.343303e-03,5,1.000000e-02
gl,9.816924e-01,1.358422e-03,5,1.000000e-02
nv,9.815376e-01,1.344467e-03,5,1.000000e-02
gl,9.816576e-01,1.359647e-03,5,1.000000e-02
nv,9.815693e-01,1.342432e-03,5,1.000000e-02
gl,9.816462e-01,1.361253e-03,5,1.000000e-02
nv,9.815431e-01,1.343992e-03,5,1.000000e-02
gl,9.816790e-01,1.359234e-03,5,1.000000e-02
nv,9.815275e-01,1.343515e-03,5,1.000000e-02
gl,9.816680e-01,1.359166e-03,5,1.000000e-02
nv,9.815342e-01,1.342592e-03,5,1.000000e-02
gl,9.816844e-01,1.357181e-03,5,1.000000e-02
nv,9.815415e-01,1.340843e-03,5,1.000000e-02
gl,9.816703e-01,1.356384e-03,5,1.000000e-02
nv,9.815751e-01,1.338893e-03,5,1.000000e-02
gl,9.816486e-01,1.360617e-03,5,1.000000e-02
nv,9.815724e-01,1.337486e-03,5,1.000000e-02
gl,9.816358e-01,1.360975e-03,5,1.000000e-02
nv,9.815532e-01,1.339165e-03,5,1.000000e-02
gl,9.816310e-01,1.360182e-03,5,1.000000e-02
nv,9.815442e-01,1.340531e-03,5,1.000000e-02
gl,9.816518e-01,1.358069e-03,5,1.000000e-02
nv,9.815512e-01,1.338648e-03,5,1.000000e-02
gl,9.816491e-01,1.358501e-03,5,1.000000e-02
nv,9.815714e-01,1.336574e-03,5,1.000000e-02
gl,9.816190e-01,1.361059e-03,5,1.000000e-02
nv,9.815933e-01,1.334642e-03,5,1.000000e-02
gl,9.816319e-01,1.360433e-03,5,1.000000e-02
nv,9.816007e-01,1.333257e-03,5,1.000000e-02
gl,9.816102e-01,1.365145e-03,5,1.000000e-02
nv,9.815709e-01,1.335525e-03,5,1.000000e-02
gl,9.816055e-01,1.364800e-03,5,1.000000e-02
nv,9.815930e-01,1.333491e-03,5,1.000000e-02
gl,9.816211e-01,1.363139e-03,5,1.000000e-02
nv,9.815630e-01,1.334279e-03,5,1.000000e-02
gl,9.816360e-01,1.361402e-03,5,1.000000e-02
nv,9.815689e-01,1.333581e-03,5,1.000000e-02
gl,9.816430e-01,1.359980e-03,5,1.000000e-02
nv,9.815673e-01,1.333768e-03,5,1.000000e-02
gl,9.816739e-01,1.357989e-03,5,1.000000e-02
nv,9.815855e-01,1.332485e-03,5,1.000000e-02
gl,9.816768e-01,1.357417e-03,5,1.000000e-02
nv,9.815516e-01,1.336877e-03,5,1.000000e-02
gl,9.817043e-01,1.355403e-03,5,1.000000e-02
nv,9.815286e-01,1.341733e-03,5,1.000000e-02
gl,9.816683e-01,1.360392e-03,5,1.000000e-02
nv,9.815239e-01,1.341594e-03,5,1.000000e-02
gl,9.816647e-01,1.362705e-03,5,1.000000e-02
nv,9.815445e-01,1.339730e-03,5,1.000000e-02
gl,9.816885e-01,1.360683e-03,5,1.000000e-02
nv,9.815336e-01,1.338942e-03,5,1.000000e-02
gl,9.817177e-01,1.358715e-03,5,1.000000e-02
nv,9.815297e-01,1.338912e-03,5,1.000000e-02
gl,9.817395e-01,1.356972e-03,5,1.000000e-02
nv,9.815133e-01,1.338063e-03,5,1.000000e-02
gl,9.817534e-01,1.355220e-03,5,1.000000e-02
nv,9.815223e-01,1.337525e-03,5,1.000000e-02
gl,9.817762e-01,1.353207e-03,5,1.000000e-02
nv,9.814918e-01,1.339055e-03,5,1.000000e-02
gl,9.817965e-01,1.351532e-03,5,1.000000e-02
nv,9.814823e-01,1.339259e-03,5,1.000000e-02
gl,9.817796e-01,1.352486e-03,5,1.000000e-02
nv,9.815003e-01,1.337477e-03,5,1.000000e-02
gl,9.817901e-01,1.351721e-03,5,1.000000e-02
nv,9.815213e-01,1.335539e-03,5,1.000000e-02
gl,9.818073e-01,1.349865e-03,5,1.000000e-02
nv,9.815275e-01,1.334276e-03,5,1.000000e-02
gl,9.818371e-01,1.347925e-03,5,1.000000e-02
nv,9.815541e-01,1.332281e-03,5,1.000000e-02
gl,9.818309e-01,1.348592e-03,5,1.000000e-02
nv,9.815680e-01,1.330587e-03,5,1.000000e-02
gl,9.818452e-01,1.347106e-03,5,1.000000e-02
nv,9.815418e-01,1.333164e-03,5,1.000000e-02
gl,9.818465e-01,1.345353e-03,5,1.000000e-02
nv,9.815668e-01,1.331182e-03,5,1.000000e-02
gl,9.818657e-01,1.343519e-03,5,1.000000e-02
nv,9.815505e-01,1.330815e-03,5,1.000000e-02
gl,9.818666e-01,1.344048e-03,5,1.000000e-02
nv,9.815181e-01,1.332880e-03,5,1.000000e-02
gl,9.818692e-01,1.343200e-03,5,1.000000e-02
nv,9.815271e-01,1.331106e-03,5,1.000000e-02
gl,9.818838e-01,1.341353e-03,5,1.000000e-02
nv,9.815404e-01,1.329069e-03,5,1.000000e-02
gl,9.818183e-01,1.349519e-03,5,1.000000e-02
nv,9.815183e-01,1.333440e-03,5,1.000000e-02
gl,9.817915e-01,1.354456e-03,5,1.000000e-02
nv,9.815376e-01,1.331868e-03,5,1.000000e-02
gl,9.817676e-01,1.354835e-03,5,1.000000e-02
nv,9.815250e-01,1.331497e-03,5,1.000000e-02
gl,9.817794e-01,1.353139e-03,5,1.000000e-02
nv,9.814949e-01,1.337278e-03,5,1.000000e-02
gl,9.817796e-01,1.355435e-03,5,1.000000e-02
nv,9.815039e-01,1.335761e-03,5,1.000000e-02
gl,9.817956e-01,1.353963e-03,5,1.000000e-02
nv,9.815169e-01,1.333986e-03,5,1.000000e-02
gl,9.817679e-01,1.359630e-03,5,1.000000e-02
nv,9.815440e-01,1.332092e-03,5,1.000000e-02
gl,9.817357e-01,1.360645e-03,5,1.000000e-02
nv,9.815701e-01,1.330207e-03,5,1.000000e-02
gl,9.817262e-01,1.361041e-03,5,1.000000e-02
nv,9.815821e-01,1.328507e-03,5,1.000000e-02
gl,9.817281e-01,1.359516e-03,5,1.000000e-02
nv,9.815856e-01,1.327551e-03,5,1.000000e-02
gl,9.817299e-01,1.360392e-03,5,1.000000e-02
nv,9.816001e-01,1.326394e-03,5,1.000000e-02
gl,9.817331e-01,1.360012e-03,5,1.000000e-02
nv,9.815599e-01,1.332164e-03,5,1.000000e-02
gl,9.816684e-01,1.371905e-03,5,1.000000e-02
nv,9.815140e-01,1.336984e-03,5,1.000000e-02
gl,9.816795e-01,1.369993e-03,5,1.000000e-02
nv,9.815022e-01,1.341591e-03,5,1.000000e-02
gl,9.816441e-01,1.374333e-03,5,1.000000e-02
nv,9.815040e-01,1.342257e-03,5,1.000000e-02
gl,9.816637e-01,1.372401e-03,5,1.000000e-02
nv,9.814988e-01,1.341483e-03,5,1.000000e-02
gl,9.816832e-01,1.370512e-03,5,1.000000e-02
nv,9.815169e-01,1.339717e-03,5,1.000000e-02
gl,9.816857e-01,1.369596e-03,5,1.000000e-02
nv,9.815183e-01,1.337946e-03,5,1.000000e-02
gl,9.816777e-01,1.370079e-03,5,1.000000e-02
nv,9.815124e-01,1.337656e-03,5,1.000000e-02
gl,9.816703e-01,1.369831e-03,5,1.000000e-02
nv,9.815348e-01,1.335823e-03,5,1.000000e-02
gl,9.816512e-01,1.372001e-03,5,1.000000e-02
nv,9.815618e-01,1.333982e-03,5,1.000000e-02
gl,9.815916e-01,1.379849e-03,5,1.000000e-02
nv,9.815731e-01,1.333386e-03,5,1.000000e-02
gl,9.816189e-01,1.377946e-03,5,1.000000e-02
nv,9.815793e-01,1.332301e-03,5,1.000000e-02
gl,9.816356e-01,1.376357e-03,5,1.000000e-02
nv,9.815638e-01,1.331468e-03,5,1.000000e-02
gl,9.816532e-01,1.374404e-03,5,1.000000e-02
nv,9.815926e-01,1.329682e-03,5,1.000000e-02
gl,9.816801e-01,1.372508e-03,5,1.000000e-02
nv,9.816136e-01,1.327850e-03,5,1.000000e-02
gl,9.817077e-01,1.370637e-03,5,1.000000e-02
nv,9.816068e-01,1.327758e-03,5,1.000000e-02
gl,9.817109e-01,1.368895e-03,5,1.000000e-02
nv,9.816151e-01,1.326708e-03,5,1.000000e-02
gl,9.816920e-01,1.370209e-03,5,1.000000e-02
nv,9.816244e-01,1.324966e-03,5,1.000000e-02
gl,9.817057e-01,1.368465e-03,5,1.000000e-02
nv,9.816418e-01,1.323335e-03,5,1.000000e-02
gl,9.817031e-01,1.370981e-03,5,1.000000e-02
nv,9.816455e-01,1.321801e-03,5,1.000000e-02
gl,9.816958e-01,1.370693e-03,5,1.000000e-02
nv,9.816117e-01,1.323686e-03,5,1.000000e-02
gl,9.817102e-01,1.368804e-03,5,1.000000e-02
nv,9.816186e-01,1.323066e-03,5,1.000000e-02
gl,9.817326e-01,1.366835e-03,5,1.000000e-02
nv,9.816320e-01,1.321346e-03,5,1.000000e-02
gl,9.817003e-01,1.367470e-03,5,1.000000e-02
nv,9.816496e-01,1.319650e-03,5,1.000000e-02
gl,9.817223e-01,1.365568e-03,5,1.000000e-02
nv,9.816638e-01,1.318080e-03,5,1.000000e-02
gl,9.817043e-01,1.367803e-03,5,1.000000e-02
nv,9.816900e-01,1.316313e-03,5,1.000000e-02
gl,9.817073e-01,1.366567e-03,5,1.000000e-02
nv,9.817076e-01,1.314727e-03,5,1.000000e-02
gl,9.817199e-01,1.364883e-03,5,1.000000e-02
nv,9.817369e-01,1.313052e-03,5,1.000000e-02
gl,9.817423e-01,1.363027e-03,5,1.000000e-02
nv,9.817163e-01,1.314319e-03,5,1.000000e-02
gl,9.817461e-01,1.361535e-03,5,1.000000e-02
nv,9.817379e-01,1.312795e-03,5,1.000000e-02
gl,9.817342e-01,1.363544e-03,5,1.000000e-02
nv,9.817479e-01,1.311628e-03,5,1.000000e-02
gl,9.817258e-01,1.366179e-03,5,1.000000e-02
nv,9.817396e-01,1.311485e-03,5,1.000000e-02
gl,9.817309e-01,1.365310e-03,5,1.000000e-02
nv,9.817379e-01,1.310439e-03,5,1.000000e-02
gl,9.817425e-01,1.363604e-03,5,1.000000e-02
nv,9.817583e-01,1.308640e-03,5,1.000000e-02
gl,9.816927e-01,1.371898e-03,5,1.000000e-02
nv,9.817839e-01,1.306948e-03,5,1.000000e-02
gl,9.816745e-01,1.372494e-03,5,1.000000e-02
nv,9.818041e-01,1.305133e-03,5,1.000000e-02
gl,9.816951e-01,1.370792e-03,5,1.000000e-02
nv,9.818192e-01,1.303542e-03,5,1.000000e-02
gl,9.817096e-01,1.368861e-03,5,1.000000e-02
nv,9.818065e-01,1.304582e-03,5,1.000000e-02
gl,9.816808e-01,1.373990e-03,5,1.000000e-02
nv,9.818293e-01,1.302927e-03,5,1.000000e-02
gl,9.816785e-01,1.373992e-03,5,1.000000e-02
nv,9.818304e-01,1.304869e-03,5,1.000000e-02
gl,9.816450e-01,1.381079e-03,5,1.000000e-02
nv,9.818353e-01,1.304582e-03,5,1.000000e-02
gl,9.816426e-01,1.380814e-03,5,1.000000e-02
nv,9.818215e-01,1.304715e-03,5,1.000000e-02
gl,9.816598e-01,1.379002e-03,5,1.000000e-02
nv,9.818233e-01,1.304343e-03,5,1.000000e-02
gl,9.816823e-01,1.377183e-03,5,1.000000e-02
nv,9.818318e-01,1.302840e-03,5,1.000000e-02
gl,9.816835e-01,1.377445e-03,5,1.000000e-02
nv,9.818171e-01,1.305901e-03,5,1.000000e-02
gl,9.816867e-01,1.376648e-03,5,1.000000e-02
nv,9.817832e-01,1.310292e-03,5,1.000000e-02
gl,9.817094e-01,1.374808e-03,5,1.000000e-02
nv,9.817848e-01,1.308957e-03,5,1.000000e-02
gl,9.817207e-01,1.373426e-03,5,1.000000e-02
nv,9.817703e-01,1.310090e-03,5,1.000000e-02
gl,9.817342e-01,1.371799e-03,5,1.000000e-02
nv,9.817430e-01,1.313932e-03,5,1.000000e-02
gl,9.817188e-01,1.374992e-03,5,1.000000e-02
nv,9.817627e-01,1.312263e-03,5,1.000000e-02
gl,9.817369e-01,1.373469e-03,5,1.000000e-02
nv,9.817853e-01,1.310593e-03,5,1.000000e-02
gl,9.817589e-01,1.371675e-03,5,1.000000e-02
nv,9.817999e-01,1.308934e-03,5,1.000000e-02
gl,9.817043e-01,1.380054e-03,5,1.000000e-02
nv,9.818111e-01,1.307918e-03,5,1.000000e-02
gl,9.817204e-01,1.378342e-03,5,1.000000e-02
nv,9.818054e-01,1.306718e-03,5,1.000000e-02
gl,9.817379e-01,1.376420e-03,5,1.000000e-02
nv,9.818101e-01,1.305695e-03,5,1.000000e-02
gl,9.817588e-01,1.374715e-03,5,1.000000e-02
nv,9.818144e-01,1.304408e-03,5,1.000000e-02
gl,9.817526e-01,1.374479e-03,5,1.000000e-02
nv,9.818273e-01,1.303253e-03,5,1.000000e-02
gl,9.817621e-01,1.372865e-03,5,1.000000e-02
nv,9.818101e-01,1.304651e-03,5,1.000000e-02
gl,9.817562e-01,1.373222e-03,5,1.000000e-02
nv,9.818195e-01,1.303672e-03,5,1.000000e-02
gl,9.817684e-01,1.371715e-03,5,1.000000e-02
nv,9.818294e-01,1.303201e-03,5,1.000000e-02
gl,9.817876e-01,1.369861e-03,5,1.000000e-02
nv,9.818424e-01,1.301951e-03,5,1.000000e-02
gl,9.817981e-01,1.368428e-03,5,1.000000e-02
nv,9.818299e-01,1.302019e-03,5,1.000000e-02
gl,9.817534e-01,1.373058e-03,5,1.000000e-02
nv,9.817930e-01,1.306558e-03,5,1.000000e-02
gl,9.817795e-01,1.371344e-03,5,1.000000e-02
nv,9.817566e-01,1.312419e-03,5,1.000000e-02
gl,9.817888e-01,1.370542e-03,5,1.000000e-02
nv,9.817444e-01,1.314255e-03,5,1.000000e-02
gl,9.817931e-01,1.368921e-03,5,1.000000e-02
nv,9.817468e-01,1.313469e-03,5,1.000000e-02
gl,9.818144e-01,1.367224e-03,5,1.000000e-02
nv,9.817308e-01,1.313335e-03,5,1.000000e-02
gl,9.818008e-01,1.367586e-03,5,1.000000e-02
nv,9.817504e-01,1.311671e-03,5,1.000000e-02
gl,9.818152e-01,1.365979e-03,5,1.000000e-02
nv,9.817765e-01,1.310063e-03,5,1.000000e-02
gl,9.817966e-01,1.366089e-03,5,1.000000e-02
nv,9.817763e-01,1.308739e-03,5,1.000000e-02
gl,9.817910e-01,1.365700e-03,5,1.000000e-02
nv,9.817563e-01,1.312446e-03,5,1.000000e-02
gl,9.817862e-01,1.366357e-03,5,1.000000e-02
nv,9.817558e-01,1.311545e-03,5,1.000000e-02
gl,9.817959e-01,1.366027e-03,5,1.000000e-02
nv,9.817428e-01,1.313406e-03,5,1.000000e-02
gl,9.817881e-01,1.367288e-03,5,1.000000e-02
nv,9.817402e-01,1.313331e-03,5,1.000000e-02
gl,9.817949e-01,1.366590e-03,5,1.000000e-02
nv,9.817343e-01,1.313457e-03,5,1.000000e-02
gl,9.818087e-01,1.364868e-03,5,1.000000e-02
nv,9.817362e-01,1.312418e-03,5,1.000000e-02
gl,9.817932e-01,1.363949e-03,5,1.000000e-02
nv,9.817047e-01,1.315442e-03,5,1.000000e-02
gl,9.818060e-01,1.362311e-03,5,1.000000e-02
nv,9.816819e-01,1.318330e-03,5,1.000000e-02
gl,9.818298e-01,1.360618e-03,5,1.000000e-02
nv,9.817037e-01,1.316667e-03,5,1.000000e-02
gl,9.818180e-01,1.362866e-03,5,1.000000e-02
nv,9.816682e-01,1.320985e-03,5,1.000000e-02
gl,9.817905e-01,1.364225e-03,5,1.000000e-02
nv,9.816690e-01,1.323059e-03,5,1.000000e-02
gl,9.817934e-01,1.363523e-03,5,1.000000e-02
nv,9.816496e-01,1.324884e-03,5,1.000000e-02
gl,9.818008e-01,1.362817e-03,5,1.000000e-02
nv,9.816531e-01,1.324494e-03,5,1.000000e-02
gl,9.818096e-01,1.361840e-03,5,1.000000e-02
nv,9.816716e-01,1.323105e-03,5,1.000000e-02
gl,9.818201e-01,1.360686e-03,5,1.000000e-02
nv,9.816689e-01,1.322259e-03,5,1.000000e-02
gl,9.818357e-01,1.358945e-03,5,1.000000e-02
nv,9.816767e-01,1.322505e-03,5,1.000000e-02
gl,9.818151e-01,1.361329e-03,5,1.000000e-02
nv,9.816746e-01,1.322035e-03,5,1.000000e-02
gl,9.818167e-01,1.362287e-03,5,1.000000e-02
nv,9.816842e-01,1.321356e-03,5,1.000000e-02
gl,9.818198e-01,1.361009e-03,5,1.000000e-02
nv,9.817015e-01,1.319845e-03,5,1.000000e-02
gl,9.818438e-01,1.359402e-03,5,1.000000e-02
nv,9.816928e-01,1.320230e-03,5,1.000000e-02
gl,9.818263e-01,1.360016e-03,5,1.000000e-02
nv,9.817129e-01,1.318633e-03,5,1.000000e-02
gl,9.818443e-01,1.358543e-03,5,1.000000e-02
nv,9.817127e-01,1.319832e-03,5,1.000000e-02
gl,9.818667e-01,1.356869e-03,5,1.000000e-02
nv,9.817259e-01,1.318255e-03,5,1.000000e-02
gl,9.818746e-01,1.356152e-03,5,1.000000e-02
nv,9.817012e-01,1.322606e-03,5,1.000000e-02
gl,9.818910e-01,1.354745e-03,5,1.000000e-02
nv,9.817169e-01,1.320887e-03,5,1.000000e-02
gl,9.818668e-01,1.356784e-03,5,1.000000e-02
nv,9.817173e-01,1.321457e-03,5,1.000000e-02
gl,9.818186e-01,1.362969e-03,5,1.000000e-02
nv,9.817396e-01,1.319877e-03,5,1.000000e-02
gl,9.818357e-01,1.361403e-03,5,1.000000e-02
nv,9.817246e-01,1.324646e-03,5,1.000000e-02
gl,9.817924e-01,1.365582e-03,5,1.000000e-02
nv,9.817431e-01,1.323077e-03,5,1.000000e-02
gl,9.817730e-01,1.366172e-03,5,1.000000e-02
nv,9.816855e-01,1.329788e-03,5,1.000000e-02
gl,9.817916e-01,1.364601e-03,5,1.000000e-02
nv,9.816680e-01,1.330930e-03,5,1.000000e-02
gl,9.817681e-01,1.366158e-03,5,1.000000e-02
nv,9.816749e-01,1.329566e-03,5,1.000000e-02
gl,9.817542e-01,1.366899e-03,5,1.000000e-02
nv,9.816683e-01,1.329245e-03,5,1.000000e-02
gl,9.817471e-01,1.367999e-03,5,1.000000e-02
nv,9.816532e-01,1.330122e-03,5,1.000000e-02
gl,9.816871e-01,1.374218e-03,5,1.000000e-02
nv,9.816361e-01,1.330758e-03,5,1.000000e-02
gl,9.817025e-01,1.372723e-03,5,1.000000e-02
nv,9.816339e-01,1.329424e-03,5,1.000000e-02
gl,9.817205e-01,1.371043e-03,5,1.000000e-02
nv,9.816073e-01,1.333335e-03,5,1.000000e-02
gl,9.817047e-01,1.372857e-03,5,1.000000e-02
nv,9.815976e-01,1.332549e-03,5,1.000000e-02
gl,9.816820e-01,1.375885e-03,5,1.000000e-02
nv,9.816147e-01,1.330988e-03,5,1.000000e-02
gl,9.816706e-01,1.377330e-03,5,1.000000e-02
nv,9.816361e-01,1.329413e-03,5,1.000000e-02
gl,9.816616e-01,1.378186e-03,5,1.000000e-02
nv,9.816581e-01,1.327825e-03,5,1.000000e-02
gl,9.816428e-01,1.379491e-03,5,1.000000e-02
nv,9.816451e-01,1.329236e-03,5,1.000000e-02
gl,9.816182e-01,1.380659e-03,5,1.000000e-02
nv,9.816440e-01,1.328210e-03,5,1.000000e-02
gl,9.816388e-01,1.379000e-03,5,1.000000e-02
nv,9.816692e-01,1.326713e-03,5,1.000000e-02
gl,9.816145e-01,1.382749e-03,5,1.000000e-02
nv,9.816663e-01,1.326429e-03,5,1.000000e-02
gl,9.816203e-01,1.381104e-03,5,1.000000e-02
nv,9.816599e-01,1.325967e-03,5,1.000000e-02
gl,9.816090e-01,1.381742e-03,5,1.000000e-02
nv,9.816578e-01,1.326268e-03,5,1.000000e-02
gl,9.816049e-01,1.383675e-03,5,1.000000e-02
nv,9.816647e-01,1.325003e-03,5,1.000000e-02
gl,9.815828e-01,1.385872e-03,5,1.000000e-02
nv,9.816447e-01,1.329904e-03,5,1.000000e-02
gl,9.815847e-01,1.384935e-03,5,1.000000e-02
nv,9.816298e-01,1.331273e-03,5,1.000000e-02
gl,9.815817e-01,1.384295e-03,5,1.000000e-02
nv,9.816098e-01,1.331269e-03,5,1.000000e-02
gl,9.815746e-01,1.383572e-03,5,1.000000e-02
nv,9.816319e-01,1.329727e-03,5,1.000000e-02
gl,9.815919e-01,1.382002e-03,5,1.000000e-02
nv,9.816264e-01,1.332931e-03,5,1.000000e-02
gl,9.815876e-01,1.382144e-03,5,1.000000e-02
nv,9.816160e-01,1.333203e-03,5,1.000000e-02
gl,9.815908e-01,1.381101e-03,5,1.000000e-02
nv,9.816302e-01,1.331738e-03,5,1.000000e-02
gl,9.816139e-01,1.379545e-03,5,1.000000e-02
nv,9.816152e-01,1.332859e-03,5,1.000000e-02
gl,9.816286e-01,1.378026e-03,5,1.000000e-02
nv,9.815834e-01,1.336951e-03,5,1.000000e-02
gl,9.816404e-01,1.376451e-03,5,1.000000e-02
nv,9.815920e-01,1.335566e-03,5,1.000000e-02
gl,9.816494e-01,1.375713e-03,5,1.000000e-02
nv,9.816036e-01,1.333976e-03,5,1.000000e-02
gl,9.816735e-01,1.374160e-03,5,1.000000e-02
nv,9.816000e-01,1.335450e-03,5,1.000000e-02
gl,9.816917e-01,1.372500e-03,5,1.000000e-02
nv,9.816224e-01,1.333925e-03,5,1.000000e-02
gl,9.817150e-01,1.370954e-03,5,1.000000e-02
nv,9.816188e-01,1.334359e-03,5,1.000000e-02
gl,9.817208e-01,1.370723e-03,5,1.000000e-02
nv,9.815946e-01,1.336540e-03,5,1.000000e-02
gl,9.817114e-01,1.370810e-03,5,1.000000e-02
nv,9.816026e-01,1.335597e-03,5,1.000000e-02
gl,9.817246e-01,1.369313e-03,5,1.000000e-02
nv,9.815922e-01,1.335732e-03,5,1.000000e-02
gl,9.817106e-01,1.371555e-03,5,1.000000e-02
nv,9.816009e-01,1.334254e-03,5,1.000000e-02
gl,9.817143e-01,1.370336e-03,5,1.000000e-02
nv,9.816206e-01,1.332676e-03,5,1.000000e-02
gl,9.816944e-01,1.374427e-03,5,1.000000e-02
nv,9.816409e-01,1.331212e-03,5,1.000000e-02
gl,9.816662e-01,1.376260e-03,5,1.000000e-02
nv,9.816542e-01,1.329912e-03,5,1.000000e-02
gl,9.816629e-01,1.375713e-03,5,1.000000e-02
nv,9.816535e-01,1.329097e-03,5,1.000000e-02
gl,9.816813e-01,1.374142e-03,5,1.000000e-02
nv,9.816186e-01,1.331912e-03,5,1.000000e-02
gl,9.816742e-01,1.373682e-03,5,1.000000e-02
nv,9.816077e-01,1.335232e-03,5,1.000000e-02
gl,9.816866e-01,1.372399e-03,5,1.000000e-02
nv,9.816132e-01,1.335752e-03,5,1.000000e-02
gl,9.816928e-01,1.371531e-03,5,1.000000e-02
nv,9.816094e-01,1.336679e-03,5,1.000000e-02
gl,9.817175e-01,1.370051e-03,5,1.000000e-02
nv,9.815994e-01,1.337874e-03,5,1.000000e-02
gl,9.817258e-01,1.368966e-03,5,1.000000e-02
nv,9.816124e-01,1.336765e-03,5,1.000000e-02
gl,9.817163e-01,1.368932e-03,5,1.000000e-02
nv,9.816243e-01,1.335314e-03,5,1.000000e-02
gl,9.816924e-01,1.371855e-03,5,1.000000e-02
nv,9.816331e-01,1.334665e-03,5,1.000000e-02
gl,9.816962e-01,1.371440e-03,5,1.000000e-02
nv,9.816424e-01,1.333523e-03,5,1.000000e-02
gl,9.816950e-01,1.370840e-03,5,1.000000e-02
nv,9.816289e-01,1.333225e-03,5,1.000000e-02
gl,9.816870e-01,1.371184e-03,5,1.000000e-02
nv,9.816237e-01,1.332618e-03,5,1.000000e-02
gl,9.816982e-01,1.370368e-03,5,1.000000e-02
nv,9.816302e-01,1.331571e-03,5,1.000000e-02
gl,9.817058e-01,1.369142e-03,5,1.000000e-02
nv,9.816343e-01,1.331314e-03,5,1.000000e-02
gl,9.816675e-01,1.373726e-03,5,1.000000e-02
nv,9.816408e-01,1.330104e-03,5,1.000000e-02
gl,9.816002e-01,1.380828e-03,5,1.000000e-02
nv,9.816314e-01,1.329585e-03,5,1.000000e-02
gl,9.816029e-01,1.380390e-03,5,1.000000e-02
nv,9.816436e-01,1.328161e-03,5,1.000000e-02
gl,9.816012e-01,1.379567e-03,5,1.000000e-02
nv,9.816397e-01,1.328712e-03,5,1.000000e-02
gl,9.815965e-01,1.379109e-03,5,1.000000e-02
nv,9.816490e-01,1.327427e-03,5,1.000000e-02
gl,9.816051e-01,1.377864e-03,5,1.000000e-02
nv,9.816397e-01,1.328030e-03,5,1.000000e-02
gl,9.816276e-01,1.376367e-03,5,1.000000e-02
nv,9.816534e-01,1.326522e-03,5,1.000000e-02
gl,9.816471e-01,1.374818e-03,5,1.000000e-02
nv,9.816758e-01,1.325083e-03,5,1.000000e-02
gl,9.816260e-01,1.377235e-03,5,1.000000e-02
nv,9.816887e-01,1.323671e-03,5,1.000000e-02
gl,9.816448e-01,1.375649e-03,5,1.000000e-02
nv,9.816739e-01,1.324405e-03,5,1.000000e-02
gl,9.816255e-01,1.378118e-03,5,1.000000e-02
nv,9.816453e-01,1.326789e-03,5,1.000000e-02
gl,9.816404e-01,1.376542e-03,5,1.000000e-02
nv,9.816517e-01,1.325960e-03,5,1.000000e-02
gl,9.816093e-01,1.380178e-03,5,1.000000e-02
nv,9.816653e-01,1.324554e-03,5,1.000000e-02
gl,9.816239e-01,1.379085e-03,5,1.000000e-02
nv,9.816559e-01,1.327010e-03,5,1.000000e-02
gl,9.816226e-01,1.379625e-03,5,1.000000e-02
nv,9.816642e-01,1.326222e-03,5,1.000000e-02
gl,9.816307e-01,1.378300e-03,5,1.000000e-02
nv,9.816620e-01,1.327240e-03,5,1.000000e-02
gl,9.816188e-01,1.380378e-03,5,1.000000e-02
nv,9.816737e-01,1.326333e-03,5,1.000000e-02
gl,9.816293e-01,1.379179e-03,5,1.000000e-02
nv,9.816575e-01,1.327625e-03,5,1.000000e-02
gl,9.816327e-01,1.378221e-03,5,1.000000e-02
nv,9.816453e-01,1.327387e-03,5,1.000000e-02
gl,9.816291e-01,1.378145e-03,5,1.000000e-02
nv,9.816292e-01,1.328789e-03,5,1.000000e-02
gl,9.816328e-01,1.377460e-03,5,1.000000e-02
nv,9.816343e-01,1.328063e-03,5,1.000000e-02
gl,9.816526e-01,1.376002e-03,5,1.000000e-02
nv,9.816380e-01,1.327254e-03,5,1.000000e-02
gl,9.816714e-01,1.374508e-03,5,1.000000e-02
nv,9.816475e-01,1.326143e-03,5,1.000000e-02
gl,9.816784e-01,1.373449e-03,5,1.000000e-02
nv,9.816348e-01,1.328760e-03,5,1.000000e-02
gl,9.816537e-01,1.377977e-03,5,1.000000e-02
nv,9.816443e-01,1.327442e-03,5,1.000000e-02
gl,9.816669e-01,1.376796e-03,5,1.000000e-02
nv,9.816548e-01,1.326151e-03,5,1.000000e-02
gl,9.816741e-01,1.375790e-03,5,1.000000e-02
nv,9.816252e-01,1.328602e-03,5,1.000000e-02
gl,9.816728e-01,1.375461e-03,5,1.000000e-02
nv,9.816152e-01,1.328515e-03,5,1.000000e-02
gl,9.816769e-01,1.374648e-03,5,1.000000e-02
nv,9.816338e-01,1.327068e-03,5,1.000000e-02
gl,9.816946e-01,1.373260e-03,5,1.000000e-02
nv,9.816351e-01,1.325976e-03,5,1.000000e-02
gl,9.816974e-01,1.371979e-03,5,1.000000e-02
nv,9.816201e-01,1.326296e-03,5,1.000000e-02
gl,9.816661e-01,1.374737e-03,5,1.000000e-02
nv,9.816310e-01,1.324979e-03,5,1.000000e-02
gl,9.816841e-01,1.373261e-03,5,1.000000e-02
nv,9.815975e-01,1.326659e-03,5,1.000000e-02
gl,9.816867e-01,1.372719e-03,5,1.000000e-02
nv,9.815947e-01,1.325923e-03,5,1.000000e-02
gl,9.816801e-01,1.373262e-03,5,1.000000e-02
nv,9.816080e-01,1.324566e-03,5,1.000000e-02
gl,9.816802e-01,1.372990e-03,5,1.000000e-02
nv,9.816243e-01,1.323218e-03,5,1.000000e-02
gl,9.816835e-01,1.373381e-03,5,1.000000e-02
nv,9.816065e-01,1.322930e-03,5,1.000000e-02
gl,9.816209e-01,1.385092e-03,5,1.000000e-02
nv,9.816241e-01,1.321549e-03,5,1.000000e-02
gl,9.815993e-01,1.387574e-03,5,1.000000e-02
nv,9.816305e-01,1.320095e-03,5,1.000000e-02
gl,9.816169e-01,1.386143e-03,5,1.000000e-02
nv,9.816287e-01,1.321795e-03,5,1.000000e-02
gl,9.815783e-01,1.394698e-03,5,1.000000e-02
nv,9.816020e-01,1.324575e-03,5,1.000000e-02
gl,9.816002e-01,1.393248e-03,5,1.000000e-02
nv,9.815835e-01,1.327304e-03,5,1.000000e-02
gl,9.815887e-01,1.393717e-03,5,1.000000e-02
nv,9.815710e-01,1.328784e-03,5,1.000000e-02
gl,9.815686e-01,1.397994e-03,5,1.000000e-02
nv,9.815670e-01,1.329443e-03,5,1.000000e-02
gl,9.815496e-01,1.399558e-03,5,1.000000e-02
nv,9.815647e-01,1.328355e-03,5,1.000000e-02
gl,9.815089e-01,1.405392e-03,5,1.000000e-02
nv,9.815849e-01,1.326963e-03,5,1.000000e-02
gl,9.814877e-01,1.409418e-03,5,1.000000e-02
nv,9.815836e-01,1.326154e-03,5,1.000000e-02
gl,9.815045e-01,1.407929e-03,5,1.000000e-02
nv,9.815727e-01,1.330421e-03,5,1.000000e-02
gl,9.815022e-01,1.407851e-03,5,1.000000e-02
nv,9.815810e-01,1.329441e-03,5,1.000000e-02
gl,9.814975e-01,1.406925e-03,5,1.000000e-02
nv,9.815771e-01,1.329114e-03,5,1.000000e-02
gl,9.814788e-01,1.407541e-03,5,1.000000e-02
nv,9.815764e-01,1.328581e-03,5,1.000000e-02
gl,9.814862e-01,1.406281e-03,5,1.000000e-02
nv,9.815813e-01,1.328112e-03,5,1.000000e-02
gl,9.814642e-01,1.407688e-03,5,1.000000e-02
nv,9.815847e-01,1.327493e-03,5,1.000000e-02
gl,9.814767e-01,1.406413e-03,5,1.000000e-02
nv,9.815875e-01,1.326780e-03,5,1.000000e-02
gl,9.814454e-01,1.412023e-03,5,1.000000e-02
nv,9.815888e-01,1.325872e-03,5,1.000000e-02
gl,9.814430e-01,1.412356e-03,5,1.000000e-02
nv,9.815985e-01,1.324526e-03,5,1.000000e-02
gl,9.814126e-01,1.416502e-03,5,1.000000e-02
nv,9.815864e-01,1.326069e-03,5,1.000000e-02
gl,9.813883e-01,1.417631e-03,5,1.000000e-02
nv,9.815807e-01,1.327437e-03,5,1.000000e-02
gl,9.814023e-01,1.416463e-03,5,1.000000e-02
nv,9.815702e-01,1.329850e-03,5,1.000000e-02
gl,9.814103e-01,1.414946e-03,5,1.000000e-02
nv,9.815546e-01,1.332641e-03,5,1.000000e-02
gl,9.814101e-01,1.415212e-03,5,1.000000e-02
nv,9.815209e-01,1.339040e-03,5,1.000000e-02
gl,9.813982e-01,1.416042e-03,5,1.000000e-02
nv,9.815269e-01,1.338899e-03,5,1.000000e-02
gl,9.813961e-01,1.415503e-03,5,1.000000e-02
nv,9.815051e-01,1.341548e-03,5,1.000000e-02
gl,9.813713e-01,1.418525e-03,5,1.000000e-02
nv,9.815155e-01,1.340537e-03,5,1.000000e-02
gl,9.813924e-01,1.417095e-03,5,1.000000e-02
nv,9.814665e-01,1.345135e-03,5,1.000000e-02
gl,9.814001e-01,1.416266e-03,5,1.000000e-02
nv,9.814454e-01,1.348119e-03,5,1.000000e-02
gl,9.814072e-01,1.415801e-03,5,1.000000e-02
nv,9.814359e-01,1.347942e-03,5,1.000000e-02
gl,9.814273e-01,1.414340e-03,5,1.000000e-02
nv,9.814466e-01,1.347022e-03,5,1.000000e-02
gl,9.814413e-01,1.412932e-03,5,1.000000e-02
nv,9.814337e-01,1.347595e-03,5,1.000000e-02
gl,9.814300e-01,1.413937e-03,5,1.000000e-02
nv,9.814371e-01,1.348688e-03,5,1.000000e-02
gl,9.814262e-01,1.413524e-03,5,1.000000e-02
nv,9.814217e-01,1.348690e-03,5,1.000000e-02
gl,9.814220e-01,1.414616e-03,5,1.000000e-02
nv,9.814122e-01,1.349203e-03,5,1.000000e-02
gl,9.814122e-01,1.415115e-03,5,1.000000e-02
nv,9.814105e-01,1.349170e-03,5,1.000000e-02
gl,9.814224e-01,1.414114e-03,5,1.000000e-02
nv,9.813989e-01,1.351000e-03,5,1.000000e-02
gl,9.814420e-01,1.412667e-03,5,1.000000e-02
nv,9.813904e-01,1.350518e-03,5,1.000000e-02
gl,9.814388e-01,1.411516e-03,5,1.000000e-02
nv,9.814001e-01,1.349516e-03,5,1.000000e-02
gl,9.814337e-01,1.413082e-03,5,1.000000e-02
nv,9.814184e-01,1.348192e-03,5,1.000000e-02
gl,9.814501e-01,1.411595e-03,5,1.000000e-02
nv,9.814240e-01,1.346928e-03,5,1.000000e-02
gl,9.814589e-01,1.410454e-03,5,1.000000e-02
nv,9.814350e-01,1.345899e-03,5,1.000000e-02
gl,9.814621e-01,1.409431e-03,5,1.000000e-02
nv,9.814563e-01,1.344598e-03,5,1.000000e-02
gl,9.814742e-01,1.407915e-03,5,1.000000e-02
nv,9.814602e-01,1.343767e-03,5,1.000000e-02
gl,9.814578e-01,1.409487e-03,5,1.000000e-02
nv,9.814460e-01,1.344488e-03,5,1.000000e-02
gl,9.814662e-01,1.408253e-03,5,1.000000e-02
nv,9.814541e-01,1.343620e-03,5,1.000000e-02
gl,9.814525e-01,1.409087e-03,5,1.000000e-02
nv,9.814189e-01,1.349405e-03,5,1.000000e-02
gl,9.814724e-01,1.407679e-03,5,1.000000e-02
nv,9.814334e-01,1.348136e-03,5,1.000000e-02
gl,9.814665e-01,1.407468e-03,5,1.000000e-02
nv,9.814509e-01,1.346838e-03,5,1.000000e-02
gl,9.814469e-01,1.408488e-03,5,1.000000e-02
nv,9.814560e-01,1.346075e-03,5,1.000000e-02
gl,9.814571e-01,1.407227e-03,5,1.000000e-02
nv,9.814274e-01,1.347515e-03,5,1.000000e-02
gl,9.814520e-01,1.408030e-03,5,1.000000e-02
nv,9.814238e-01,1.348067e-03,5,1.000000e-02
gl,9.814440e-01,1.410911e-03,5,1.000000e-02
nv,9.814085e-01,1.350131e-03,5,1.000000e-02
gl,9.814286e-01,1.412128e-03,5,1.000000e-02
nv,9.814219e-01,1.348957e-03,5,1.000000e-02
gl,9.814441e-01,1.410675e-03,5,1.000000e-02
nv,9.814163e-01,1.349723e-03,5,1.000000e-02
gl,9.814537e-01,1.409420e-03,5,1.000000e-02
nv,9.814271e-01,1.348581e-03,5,1.000000e-02
gl,9.814389e-01,1.410933e-03,5,1.000000e-02
nv,9.814222e-01,1.349122e-03,5,1.000000e-02
gl,9.813801e-01,1.418150e-03,5,1.000000e-02
nv,9.814338e-01,1.348081e-03,5,1.000000e-02
gl,9.813969e-01,1.416773e-03,5,1.000000e-02
nv,9.814445e-01,1.347467e-03,5,1.000000e-02
gl,9.813805e-01,1.418120e-03,5,1.000000e-02
nv,9.814456e-01,1.347930e-03,5,1.000000e-02
gl,9.814025e-01,1.416791e-03,5,1.000000e-02
nv,9.814330e-01,1.349371e-03,5,1.000000e-02
gl,9.813850e-01,1.416741e-03,5,1.000000e-02
nv,9.814554e-01,1.348142e-03,5,1.000000e-02
gl,9.813874e-01,1.416171e-03,5,1.000000e-02
nv,9.814638e-01,1.347124e-03,5,1.000000e-02
gl,9.813853e-01,1.415707e-03,5,1.000000e-02
nv,9.814813e-01,1.345760e-03,5,1.000000e-02
gl,9.813976e-01,1.414248e-03,5,1.000000e-02
nv,9.814755e-01,1.346406e-03,5,1.000000e-02
gl,9.814137e-01,1.413000e-03,5,1.000000e-02
nv,9.814641e-01,1.347352e-03,5,1.000000e-02
gl,9.814214e-01,1.411785e-03,5,1.000000e-02
nv,9.814765e-01,1.346080e-03,5,1.000000e-02
gl,9.814354e-01,1.410437e-03,5,1.000000e-02
nv,9.814762e-01,1.345614e-03,5,1.000000e-02
gl,9.814517e-01,1.409056e-03,5,1.000000e-02
nv,9.814950e-01,1.344335e-03,5,1.000000e-02
gl,9.814619e-01,1.407666e-03,5,1.000000e-02
nv,9.815090e-01,1.343044e-03,5,1.000000e-02
gl,9.814691e-01,1.407313e-03,5,1.000000e-02
nv,9.815165e-01,1.341666e-03,5,1.000000e-02
gl,9.814908e-01,1.406016e-03,5,1.000000e-02
nv,9.815097e-01,1.340929e-03,5,1.000000e-02
gl,9.814966e-01,1.406003e-03,5,1.000000e-02
nv,9.815166e-01,1.340025e-03,5,1.000000e-02
gl,9.815073e-01,1.404674e-03,5,1.000000e-02
nv,9.815039e-01,1.340106e-03,5,1.000000e-02
gl,9.814942e-01,1.404580e-03,5,1.000000e-02
nv,9.815180e-01,1.338974e-03,5,1.000000e-02
gl,9.815034e-01,1.404106e-03,5,1.000000e-02
nv,9.815045e-01,1.339706e-03,5,1.000000e-02
gl,9.814987e-01,1.404722e-03,5,1.000000e-02
nv,9.815109e-01,1.338380e-03,5,1.000000e-02
gl,9.815095e-01,1.403377e-03,5,1.000000e-02
nv,9.815172e-01,1.337694e-03,5,1.000000e-02
gl,9.815064e-01,1.402639e-03,5,1.000000e-02
nv,9.815180e-01,1.337011e-03,5,1.000000e-02
gl,9.814824e-01,1.404879e-03,5,1.000000e-02
nv,9.814825e-01,1.341364e-03,5,1.000000e-02
gl,9.814940e-01,1.403724e-03,5,1.000000e-02
nv,9.814953e-01,1.340413e-03,5,1.000000e-02
gl,9.815060e-01,1.402486e-03,5,1.000000e-02
nv,9.815073e-01,1.339201e-03,5,1.000000e-02
gl,9.815255e-01,1.401150e-03,5,1.000000e-02
nv,9.814988e-01,1.339079e-03,5,1.000000e-02
gl,9.815199e-01,1.400944e-03,5,1.000000e-02
nv,9.815148e-01,1.337936e-03,5,1.000000e-02
gl,9.815223e-01,1.400032e-03,5,1.000000e-02
nv,9.814796e-01,1.340507e-03,5,1.000000e-02
gl,9.815082e-01,1.401681e-03,5,1.000000e-02
nv,9.814698e-01,1.341529e-03,5,1.000000e-02
gl,9.815201e-01,1.400527e-03,5,1.000000e-02
nv,9.814827e-01,1.340471e-03,5,1.000000e-02
gl,9.815278e-01,1.399176e-03,5,1.000000e-02
nv,9.814687e-01,1.342002e-03,5,1.000000e-02
gl,9.815018e-01,1.403552e-03,5,1.000000e-02
nv,9.814749e-01,1.341149e-03,5,1.000000e-02
gl,9.814876e-01,1.403524e-03,5,1.000000e-02
nv,9.814732e-01,1.342072e-03,5,1.000000e-02
gl,9.814857e-01,1.403965e-03,5,1.000000e-02
nv,9.814748e-01,1.343399e-03,5,1.000000e-02
gl,9.814997e-01,1.402618e-03,5,1.000000e-02
nv,9.814900e-01,1.342088e-03,5,1.000000e-02
gl,9.814966e-01,1.402795e-03,5,1.000000e-02
nv,9.815012e-01,1.340999e-03,5,1.000000e-02
gl,9.815079e-01,1.401761e-03,5,1.000000e-02
nv,9.814827e-01,1.342883e-03,5,1.000000e-02
gl,9.815152e-01,1.400488e-03,5,1.000000e-02
nv,9.814900e-01,1.341636e-03,5,1.000000e-02
gl,9.815173e-01,1.400160e-03,5,1.000000e-02
nv,9.814732e-01,1.344730e-03,5,1.000000e-02
gl,9.815173e-01,1.399748e-03,5,1.000000e-02
nv,9.814490e-01,1.346639e-03,5,1.000000e-02
gl,9.815187e-01,1.399031e-03,5,1.000000e-02
nv,9.814449e-01,1.346200e-03,5,1.000000e-02
gl,9.815207e-01,1.398343e-03,5,1.000000e-02
nv,9.814455e-01,1.345908e-03,5,1.000000e-02
gl,9.815344e-01,1.397047e-03,5,1.000000e-02
nv,9.814652e-01,1.344683e-03,5,1.000000e-02
gl,9.815240e-01,1.397090e-03,5,1.000000e-02
nv,9.814643e-01,1.344484e-03,5,1.000000e-02
gl,9.815306e-01,1.396001e-03,5,1.000000e-02
nv,9.814626e-01,1.344220e-03,5,1.000000e-02
gl,9.815236e-01,1.395672e-03,5,1.000000e-02
nv,9.814608e-01,1.345050e-03,5,1.000000e-02
gl,9.815357e-01,1.394322e-03,5,1.000000e-02
nv,9.814397e-01,1.346497e-03,5,1.000000e-02
gl,9.815494e-01,1.393068e-03,5,1.000000e-02
nv,9.814580e-01,1.345279e-03,5,1.000000e-02
gl,9.815385e-01,1.395131e-03,5,1.000000e-02
nv,9.814585e-01,1.344758e-03,5,1.000000e-02
gl,9.815053e-01,1.400111e-03,5,1.000000e-02
nv,9.814516e-01,1.345343e-03,5,1.000000e-02
gl,9.815225e-01,1.398802e-03,5,1.000000e-02
nv,9.814597e-01,1.344279e-03,5,1.000000e-02
gl,9.815287e-01,1.397659e-03,5,1.000000e-02
nv,9.814553e-01,1.344996e-03,5,1.000000e-02
gl,9.815151e-01,1.398308e-03,5,1.000000e-02
nv,9.814271e-01,1.348570e-03,5,1.000000e-02
gl,9.815101e-01,1.398519e-03,5,1.000000e-02
nv,9.814233e-01,1.349304e-03,5,1.000000e-02
gl,9.815112e-01,1.397720e-03,5,1.000000e-02
nv,9.814310e-01,1.348168e-03,5,1.000000e-02
gl,9.815283e-01,1.396412e-03,5,1.000000e-02
nv,9.814346e-01,1.347435e-03,5,1.000000e-02
gl,9.815340e-01,1.395951e-03,5,1.000000e-02
nv,9.814290e-01,1.347446e-03,5,1.000000e-02
gl,9.815489e-01,1.394709e-03,5,1.000000e-02
nv,9.814400e-01,1.346369e-03,5,1.000000e-02
gl,9.815143e-01,1.401776e-03,5,1.000000e-02
nv,9.814539e-01,1.345123e-03,5,1.000000e-02
gl,9.815106e-01,1.402940e-03,5,1.000000e-02
nv,9.814546e-01,1.344178e-03,5,1.000000e-02
gl,9.815267e-01,1.401709e-03,5,1.000000e-02
nv,9.814487e-01,1.344548e-03,5,1.000000e-02
gl,9.815307e-01,1.400867e-03,5,1.000000e-02
nv,9.814457e-01,1.343978e-03,5,1.000000e-02
gl,9.815357e-01,1.399786e-03,5,1.000000e-02
nv,9.814435e-01,1.344500e-03,5,1.000000e-02
gl,9.815404e-01,1.399347e-03,5,1.000000e-02
nv,9.814448e-01,1.344047e-03,5,1.000000e-02
gl,9.815466e-01,1.398086e-03,5,1.000000e-02
nv,9.814508e-01,1.343391e-03,5,1.000000e-02
gl,9.815458e-01,1.398108e-03,5,1.000000e-02
nv,9.814451e-01,1.345072e-03,5,1.000000e-02
gl,9.815574e-01,1.396908e-03,5,1.000000e-02
nv,9.814454e-01,1.345834e-03,5,1.000000e-02
gl,9.815746e-01,1.395612e-03,5,1.000000e-02
nv,9.814539e-01,1.344761e-03,5,1.000000e-02
gl,9.815817e-01,1.394762e-03,5,1.000000e-02
nv,9.814482e-01,1.345325e-03,5,1.000000e-02
gl,9.816013e-01,1.393536e-03,5,1.000000e-02
nv,9.814659e-01,1.344135e-03,5,1.000000e-02
gl,9.816100e-01,1.392529e-03,5,1.000000e-02
nv,9.814511e-01,1.346609e-03,5,1.000000e-02
gl,9.815952e-01,1.392970e-03,5,1.000000e-02
nv,9.814477e-01,1.346710e-03,5,1.000000e-02
gl,9.816088e-01,1.391641e-03,5,1.000000e-02
nv,9.814592e-01,1.345545e-03,5,1.000000e-02
gl,9.816117e-01,1.390933e-03,5,1.000000e-02
nv,9.814789e-01,1.344390e-03,5,1.000000e-02
gl,9.816253e-01,1.389726e-03,5,1.000000e-02
nv,9.814752e-01,1.345468e-03,5,1.000000e-02
gl,9.816328e-01,1.388540e-03,5,1.000000e-02
nv,9.814819e-01,1.344754e-03,5,1.000000e-02
gl,9.816326e-01,1.388281e-03,5,1.000000e-02
nv,9.814813e-01,1.345321e-03,5,1.000000e-02
gl,9.816488e-01,1.387024e-03,5,1.000000e-02
nv,9.814819e-01,1.345353e-03,5,1.000000e-02
gl,9.816414e-01,1.387275e-03,5,1.000000e-02
nv,9.814892e-01,1.344451e-03,5,1.000000e-02
gl,9.816504e-01,1.385885e-03,5,1.000000e-02
nv,9.814865e-01,1.344548e-03,5,1.000000e-02
gl,9.816195e-01,1.389062e-03,5,1.000000e-02
nv,9.815003e-01,1.343430e-03,5,1.000000e-02
gl,9.816286e-01,1.388048e-03,5,1.000000e-02
nv,9.815035e-01,1.343202e-03,5,1.000000e-02
gl,9.816378e-01,1.386789e-03,5,1.000000e-02
nv,9.814946e-01,1.343914e-03,5,1.000000e-02
gl,9.816113e-01,1.388844e-03,5,1.000000e-02
nv,9.815071e-01,1.342856e-03,5,1.000000e-02
gl,9.815904e-01,1.390981e-03,5,1.000000e-02
nv,9.814888e-01,1.343769e-03,5,1.000000e-02
gl,9.815750e-01,1.392998e-03,5,1.000000e-02
nv,9.814782e-01,1.346605e-03,5,1.000000e-02
gl,9.815732e-01,1.392367e-03,5,1.000000e-02
nv,9.814907e-01,1.345541e-03,5,1.000000e-02
gl,9.815876e-01,1.391103e-03,5,1.000000e-02
nv,9.814859e-01,1.347234e-03,5,1.000000e-02
gl,9.815936e-01,1.389909e-03,5,1.000000e-02
nv,9.814897e-01,1.346162e-03,5,1.000000e-02
gl,9.815941e-01,1.389342e-03,5,1.000000e-02
nv,9.814963e-01,1.345504e-03,5,1.000000e-02
gl,9.816000e-01,1.388291e-03,5,1.000000e-02
nv,9.814984e-01,1.344786e-03,5,1.000000e-02
gl,9.815869e-01,1.389541e-03,5,1.000000e-02
nv,9.814964e-01,1.344104e-03,5,1.000000e-02
gl,9.815875e-01,1.388639e-03,5,1.000000e-02
nv,9.814921e-01,1.343626e-03,5,1.000000e-02
gl,9.815979e-01,1.387431e-03,5,1.000000e-02
nv,9.815005e-01,1.342857e-03,5,1.000000e-02
gl,9.816065e-01,1.386543e-03,5,1.000000e-02
nv,9.815112e-01,1.341908e-03,5,1.000000e-02
gl,9.815960e-01,1.388880e-03,5,1.000000e-02
nv,9.815294e-01,1.340759e-03,5,1.000000e-02
gl,9.816118e-01,1.387690e-03,5,1.000000e-02
nv,9.815489e-01,1.339644e-03,5,1.000000e-02
gl,9.815867e-01,1.388882e-03,5,1.000000e-02
nv,9.815328e-01,1.342587e-03,5,1.000000e-02
gl,9.815699e-01,1.389684e-03,5,1.000000e-02
nv,9.815490e-01,1.341383e-03,5,1.000000e-02
gl,9.815736e-01,1.388613e-03,5,1.000000e-02
nv,9.815339e-01,1.343880e-03,5,1.000000e-02
gl,9.815603e-01,1.389312e-03,5,1.000000e-02
nv,9.815142e-01,1.348017e-03,5,1.000000e-02
gl,9.815388e-01,1.391912e-03,5,1.000000e-02
nv,9.815063e-01,1.350311e-03,5,1.000000e-02
gl,9.815346e-01,1.391238e-03,5,1.000000e-02
nv,9.815107e-01,1.349808e-03,5,1.000000e-02
gl,9.815519e-01,1.390017e-03,5,1.000000e-02
nv,9.815277e-01,1.348635e-03,5,1.000000e-02
gl,9.815532e-01,1.389980e-03,5,1.000000e-02
nv,9.815105e-01,1.349035e-03,5,1.000000e-02
gl,9.815464e-01,1.389155e-03,5,1.000000e-02
nv,9.815065e-01,1.350569e-03,5,1.000000e-02
gl,9.815310e-01,1.389424e-03,5,1.000000e-02
nv,9.815240e-01,1.349405e-03,5,1.000000e-02
gl,9.815251e-01,1.389613e-03,5,1.000000e-02
nv,9.815267e-01,1.348617e-03,5,1.000000e-02
gl,9.815198e-01,1.391296e-03,5,1.000000e-02
nv,9.815279e-01,1.347481e-03,5,1.000000e-02
gl,9.815051e-01,1.392559e-03,5,1.000000e-02
nv,9.815342e-01,1.346624e-03,5,1.000000e-02
gl,9.815094e-01,1.391757e-03,5,1.000000e-02
nv,9.815338e-01,1.347137e-03,5,1.000000e-02
gl,9.814992e-01,1.391552e-03,5,1.000000e-02
nv,9.815452e-01,1.346041e-03,5,1.000000e-02
gl,9.815045e-01,1.390857e-03,5,1.000000e-02
nv,9.815623e-01,1.344885e-03,5,1.000000e-02
gl,9.814791e-01,1.392675e-03,5,1.000000e-02
nv,9.815425e-01,1.346994e-03,5,1.000000e-02
gl,9.814858e-01,1.391652e-03,5,1.000000e-02
nv,9.815267e-01,1.349701e-03,5,1.000000e-02
gl,9.814872e-01,1.390809e-03,5,1.000000e-02
nv,9.815188e-01,1.350056e-03,5,1.000000e-02
gl,9.814855e-01,1.391182e-03,5,1.000000e-02
nv,9.815290e-01,1.348858e-03,5,1.000000e-02
gl,9.814972e-01,1.389969e-03,5,1.000000e-02
nv,9.815212e-01,1.348870e-03,5,1.000000e-02
gl,9.814912e-01,1.389303e-03,5,1.000000e-02
nv,9.815291e-01,1.348094e-03,5,1.000000e-02
gl,9.814865e-01,1.389286e-03,5,1.000000e-02
nv,9.815461e-01,1.346961e-03,5,1.000000e-02
gl,9.814989e-01,1.388099e-03,5,1.000000e-02
nv,9.815338e-01,1.346738e-03,5,1.000000e-02
gl,9.814933e-01,1.390504e-03,5,1.000000e-02
nv,9.815424e-01,1.345674e-03,5,1.000000e-02
gl,9.815001e-01,1.389632e-03,5,1.000000e-02
nv,9.815515e-01,1.344940e-03,5,1.000000e-02
gl,9.815027e-01,1.388494e-03,5,1.000000e-02
nv,9.815667e-01,1.343813e-03,5,1.000000e-02
gl,9.815117e-01,1.387486e-03,5,1.000000e-02
nv,9.815775e-01,1.342882e-03,5,1.000000e-02
gl,9.815084e-01,1.387897e-03,5,1.000000e-02
nv,9.815846e-01,1.342170e-03,5,1.000000e-02
gl,9.815167e-01,1.386784e-03,5,1.000000e-02
nv,9.815913e-01,1.341181e-03,5,1.000000e-02
gl,9.815144e-01,1.386931e-03,5,1.000000e-02
nv,9.815905e-01,1.342398e-03,5,1.000000e-02
gl,9.815163e-01,1.387115e-03,5,1.000000e-02
nv,9.815906e-01,1.341554e-03,5,1.000000e-02
gl,9.815221e-01,1.386005e-03,5,1.000000e-02
nv,9.815757e-01,1.344787e-03,5,1.000000e-02
gl,9.814885e-01,1.389955e-03,5,1.000000e-02
nv,9.815790e-01,1.344967e-03,5,1.000000e-02
gl,9.814898e-01,1.389071e-03,5,1.000000e-02
nv,9.815826e-01,1.345063e-03,5,1.000000e-02
gl,9.814999e-01,1.388012e-03,5,1.000000e-02
nv,9.815807e-01,1.345047e-03,5,1.000000e-02
gl,9.815108e-01,1.387204e-03,5,1.000000e-02
nv,9.815756e-01,1.344795e-03,5,1.000000e-02
gl,9.815088e-01,1.387765e-03,5,1.000000e-02
nv,9.815907e-01,1.343707e-03,5,1.000000e-02
gl,9.815195e-01,1.386708e-03,5,1.000000e-02
nv,9.816018e-01,1.342627e-03,5,1.000000e-02
gl,9.815304e-01,1.385645e-03,5,1.000000e-02
nv,9.816073e-01,1.342198e-03,5,1.000000e-02
gl,9.815317e-01,1.386164e-03,5,1.000000e-02
nv,9.816228e-01,1.341057e-03,5,1.000000e-02
gl,9.815331e-01,1.385260e-03,5,1.000000e-02
nv,9.816081e-01,1.344174e-03,5,1.000000e-02
gl,9.815062e-01,1.390120e-03,5,1.000000e-02
nv,9.816190e-01,1.343166e-03,5,1.000000e-02
gl,9.815122e-01,1.389170e-03,5,1.000000e-02
nv,9.816212e-01,1.343523e-03,5,1.000000e-02
gl,9.815233e-01,1.388162e-03,5,1.000000e-02
nv,9.816174e-01,1.343497e-03,5,1.000000e-02
gl,9.815255e-01,1.387458e-03,5,1.000000e-02
nv,9.816235e-01,1.342595e-03,5,1.000000e-02
gl,9.815305e-01,1.386180e-03,5,1.000000e-02
nv,9.816222e-01,1.342606e-03,5,1.000000e-02
gl,9.815480e-01,1.385056e-03,5,1.000000e-02
nv,9.816182e-01,1.342079e-03,5,1.000000e-02
gl,9.815542e-01,1.383928e-03,5,1.000000e-02
nv,9.816150e-01,1.342236e-03,5,1.000000e-02
gl,9.815532e-01,1.384182e-03,5,1.000000e-02
nv,9.816108e-01,1.342432e-03,5,1.000000e-02
gl,9.815575e-01,1.383431e-03,5,1.000000e-02
nv,9.815841e-01,1.344471e-03,5,1.000000e-02
gl,9.815507e-01,1.383862e-03,5,1.000000e-02
nv,9.815931e-01,1.343537e-03,5,1.000000e-02
gl,9.815355e-01,1.385699e-03,5,1.000000e-02
nv,9.815997e-01,1.342941e-03,5,1.000000e-02
gl,9.815166e-01,1.389640e-03,5,1.000000e-02
nv,9.816116e-01,1.341820e-03,5,1.000000e-02
gl,9.815315e-01,1.388464e-03,5,1.000000e-02
nv,9.816084e-01,1.342117e-03,5,1.000000e-02
gl,9.815147e-01,1.389169e-03,5,1.000000e-02
nv,9.816059e-01,1.342305e-03,5,1.000000e-02
gl,9.815267e-01,1.388236e-03,5,1.000000e-02
nv,9.816053e-01,1.342827e-03,5,1.000000e-02
gl,9.815278e-01,1.387944e-03,5,1.000000e-02
nv,9.816128e-01,1.341757e-03,5,1.000000e-02
gl,9.815305e-01,1.386872e-03,5,1.000000e-02
nv,9.816223e-01,1.340554e-03,5,1.000000e-02
gl,9.815460e-01,1.385770e-03,5,1.000000e-02
nv,9.815902e-01,1.344002e-03,5,1.000000e-02
gl,9.815548e-01,1.384685e-03,5,1.000000e-02
nv,9.815911e-01,1.344103e-03,5,1.000000e-02
gl,9.815507e-01,1.384226e-03,5,1.000000e-02
nv,9.816083e-01,1.343018e-03,5,1.000000e-02
gl,9.815219e-01,1.387650e-03,5,1.000000e-02
nv,9.816025e-01,1.342742e-03,5,1.000000e-02
gl,9.814962e-01,1.388632e-03,5,1.000000e-02
nv,9.816072e-01,1.341792e-03,5,1.000000e-02
gl,9.814881e-01,1.388375e-03,5,1.000000e-02
nv,9.816157e-01,1.341193e-03,5,1.000000e-02
gl,9.814998e-01,1.387264e-03,5,1.000000e-02
nv,9.816000e-01,1.341944e-03,5,1.000000e-02
gl,9.815010e-01,1.386243e-03,5,1.000000e-02
nv,9.815737e-01,1.345841e-03,5,1.000000e-02
gl,9.814964e-01,1.386328e-03,5,1.000000e-02
nv,9.815909e-01,1.344766e-03,5,1.000000e-02
gl,9.814881e-01,1.388714e-03,5,1.000000e-02
nv,9.815919e-01,1.344268e-03,5,1.000000e-02
gl,9.814754e-01,1.391659e-03,5,1.000000e-02
nv,9.815904e-01,1.344628e-03,5,1.000000e-02
gl,9.814603e-01,1.391797e-03,5,1.000000e-02
nv,9.815946e-01,1.343650e-03,5,1.000000e-02
gl,9.814485e-01,1.393798e-03,5,1.000000e-02
nv,9.815857e-01,1.344327e-03,5,1.000000e-02
gl,9.814558e-01,1.393062e-03,5,1.000000e-02
nv,9.815771e-01,1.345252e-03,5,1.000000e-02
gl,9.814680e-01,1.391854e-03,5,1.000000e-02
nv,9.815937e-01,1.344182e-03,5,1.000000e-02
gl,9.814742e-01,1.391034e-03,5,1.000000e-02
nv,9.815934e-01,1.343993e-03,5,1.000000e-02
gl,9.814719e-01,1.390792e-03,5,1.000000e-02
nv,9.815708e-01,1.346622e-03,5,1.000000e-02
gl,9.814683e-01,1.390757e-03,5,1.000000e-02
nv,9.815621e-01,1.347390e-03,5,1.000000e-02
gl,9.814852e-01,1.389650e-03,5,1.000000e-02
nv,9.815602e-01,1.347475e-03,5,1.000000e-02
gl,9.814995e-01,1.388583e-03,5,1.000000e-02
nv,9.815461e-01,1.348722e-03,5,1.000000e-02
gl,9.814989e-01,1.388325e-03,5,1.000000e-02
nv,9.815466e-01,1.348465e-03,5,1.000000e-02
gl,9.814928e-01,1.388516e-03,5,1.000000e-02
nv,9.815562e-01,1.347601e-03,5,1.000000e-02
gl,9.815007e-01,1.387514e-03,5,1.000000e-02
nv,9.815554e-01,1.348097e-03,5,1.000000e-02
gl,9.815186e-01,1.386446e-03,5,1.000000e-02
nv,9.815714e-01,1.347028e-03,5,1.000000e-02
gl,9.815230e-01,1.385405e-03,5,1.000000e-02
nv,9.815732e-01,1.346236e-03,5,1.000000e-02
gl,9.815310e-01,1.384306e-03,5,1.000000e-02
nv,9.815638e-01,1.348027e-03,5,1.000000e-02
gl,9.815415e-01,1.383271e-03,5,1.000000e-02
nv,9.815658e-01,1.347753e-03,5,1.000000e-02
gl,9.815272e-01,1.385066e-03,5,1.000000e-02
nv,9.815477e-01,1.350821e-03,5,1.000000e-02
gl,9.815029e-01,1.386597e-03,5,1.000000e-02
nv,9.815623e-01,1.349722e-03,5,1.000000e-02
gl,9.814894e-01,1.387033e-03,5,1.000000e-02
nv,9.815618e-01,1.349734e-03,5,1.000000e-02
gl,9.815030e-01,1.385956e-03,5,1.000000e-02
nv,9.815500e-01,1.350476e-03,5,1.000000e-02
gl,9.814909e-01,1.386741e-03,5,1.000000e-02
nv,9.815588e-01,1.349398e-03,5,1.000000e-02
gl,9.814830e-01,1.386942e-03,5,1.000000e-02
nv,9.815476e-01,1.349757e-03,5,1.000000e-02
gl,9.814848e-01,1.386376e-03,5,1.000000e-02
nv,9.815566e-01,1.348780e-03,5,1.000000e-02
gl,9.814834e-01,1.385996e-03,5,1.000000e-02
nv,9.815696e-01,1.347670e-03,5,1.000000e-02
gl,9.814808e-01,1.385749e-03,5,1.000000e-02
nv,9.815572e-01,1.349531e-03,5,1.000000e-02
gl,9.814812e-01,1.385848e-03,5,1.000000e-02
nv,9.815545e-01,1.349156e-03,5,1.000000e-02
gl,9.814651e-01,1.386382e-03,5,1.000000e-02
nv,9.815542e-01,1.348135e-03,5,1.000000e-02
gl,9.814590e-01,1.386761e-03,5,1.000000e-02
nv,9.815438e-01,1.349139e-03,5,1.000000e-02
gl,9.814646e-01,1.385802e-03,5,1.000000e-02
nv,9.815359e-01,1.350510e-03,5,1.000000e-02
gl,9.814451e-01,1.387175e-03,5,1.000000e-02
nv,9.815262e-01,1.352092e-03,5,1.000000e-02
gl,9.814562e-01,1.386134e-03,5,1.000000e-02
nv,9.815406e-01,1.351044e-03,5,1.000000e-02
gl,9.814391e-01,1.388216e-03,5,1.000000e-02
nv,9.815335e-01,1.352359e-03,5,1.000000e-02
gl,9.814545e-01,1.387105e-03,5,1.000000e-02
nv,9.815447e-01,1.351252e-03,5,1.000000e-02
gl,9.814589e-01,1.386332e-03,5,1.000000e-02
nv,9.815490e-01,1.350882e-03,5,1.000000e-02
gl,9.814518e-01,1.385877e-03,5,1.000000e-02
nv,9.815577e-01,1.350048e-03,5,1.000000e-02
gl,9.814681e-01,1.384803e-03,5,1.000000e-02
nv,9.815610e-01,1.349455e-03,5,1.000000e-02
gl,9.814767e-01,1.383801e-03,5,1.000000e-02
nv,9.815358e-01,1.352189e-03,5,1.000000e-02
gl,9.814843e-01,1.383193e-03,5,1.000000e-02
nv,9.815228e-01,1.353104e-03,5,1.000000e-02
gl,9.814788e-01,1.382655e-03,5,1.000000e-02
nv,9.815324e-01,1.352073e-03,5,1.000000e-02
gl,9.814734e-01,1.382262e-03,5,1.000000e-02
nv,9.815270e-01,1.352347e-03,5,1.000000e-02
gl,9.814814e-01,1.381290e-03,5,1.000000e-02
nv,9.815186e-01,1.352392e-03,5,1.000000e-02
gl,9.814850e-01,1.380753e-03,5,1.000000e-02
nv,9.815346e-01,1.351347e-03,5,1.000000e-02
gl,9.814777e-01,1.380205e-03,5,1.000000e-02
nv,9.815450e-01,1.350597e-03,5,1.000000e-02
gl,9.814660e-01,1.381032e-03,5,1.000000e-02
nv,9.815474e-01,1.349897e-03,5,1.000000e-02
gl,9.814670e-01,1.380121e-03,5,1.000000e-02
nv,9.815486e-01,1.349548e-03,5,1.000000e-02
gl,9.814680e-01,1.379275e-03,5,1.000000e-02
nv,9.815315e-01,1.352615e-03,5,1.000000e-02
gl,9.814572e-01,1.380416e-03,5,1.000000e-02
nv,9.815427e-01,1.351728e-03,5,1.000000e-02
gl,9.814687e-01,1.379574e-03,5,1.000000e-02
nv,9.815241e-01,1.356093e-03,5,1.000000e-02
gl,9.814725e-01,1.378913e-03,5,1.000000e-02
nv,9.815173e-01,1.356772e-03,5,1.000000e-02
gl,9.814602e-01,1.380123e-03,5,1.000000e-02
nv,9.815123e-01,1.357470e-03,5,1.000000e-02
gl,9.814619e-01,1.379412e-03,5,1.000000e-02
nv,9.815046e-01,1.358616e-03,5,1.000000e-02
gl,9.814539e-01,1.379927e-03,5,1.000000e-02
nv,9.815171e-01,1.357520e-03,5,1.000000e-02
gl,9.814473e-01,1.380711e-03,5,1.000000e-02
nv,9.815245e-01,1.356692e-03,5,1.000000e-02
gl,9.814300e-01,1.381639e-03,5,1.000000e-02
nv,9.815327e-01,1.355857e-03,5,1.000000e-02
gl,9.814295e-01,1.381353e-03,5,1.000000e-02
nv,9.815434e-01,1.354945e-03,5,1.000000e-02
gl,9.814430e-01,1.380254e-03,5,1.000000e-02
nv,9.815367e-01,1.356204e-03,5,1.000000e-02
gl,9.814510e-01,1.379162e-03,5,1.000000e-02
nv,9.815479e-01,1.355126e-03,5,1.000000e-02
gl,9.814426e-01,1.380704e-03,5,1.000000e-02
nv,9.815611e-01,1.354093e-03,5,1.000000e-02
gl,9.814432e-01,1.380990e-03,5,1.000000e-02
nv,9.815645e-01,1.353581e-03,5,1.000000e-02
gl,9.814407e-01,1.380568e-03,5,1.000000e-02
nv,9.815731e-01,1.352607e-03,5,1.000000e-02
gl,9.814502e-01,1.379664e-03,5,1.000000e-02
nv,9.815812e-01,1.351559e-03,5,1.000000e-02
gl,9.814493e-01,1.378796e-03,5,1.000000e-02
nv,9.815648e-01,1.354118e-03,5,1.000000e-02
gl,9.814297e-01,1.382460e-03,5,1.000000e-02
nv,9.815624e-01,1.354351e-03,5,1.000000e-02
gl,9.814406e-01,1.381420e-03,5,1.000000e-02
nv,9.815580e-01,1.353898e-03,5,1.000000e-02
gl,9.814261e-01,1.383022e-03,5,1.000000e-02
nv,9.815652e-01,1.353000e-03,5,1.000000e-02
gl,9.814131e-01,1.383713e-03,5,1.000000e-02
nv,9.815558e-01,1.355286e-03,5,1.000000e-02
gl,9.814118e-01,1.383133e-03,5,1.000000e-02
nv,9.815533e-01,1.355352e-03,5,1.000000e-02
gl,9.814177e-01,1.382090e-03,5,1.000000e-02
nv,9.815543e-01,1.354608e-03,5,1.000000e-02
gl,9.814192e-01,1.382888e-03,5,1.000000e-02
nv,9.815356e-01,1.356094e-03,5,1.000000e-02
gl,9.814202e-01,1.382668e-03,5,1.000000e-02
nv,9.815220e-01,1.358758e-03,5,1.000000e-02
gl,9.814238e-01,1.381758e-03,5,1.000000e-02
nv,9.815359e-01,1.357748e-03,5,1.000000e-02
gl,9.814114e-01,1.382359e-03,5,1.000000e-02
nv,9.815332e-01,1.357701e-03,5,1.000000e-02
gl,9.814121e-01,1.381629e-03,5,1.000000e-02
nv,9.815160e-01,1.359039e-03,5,1.000000e-02
gl,9.814240e-01,1.380663e-03,5,1.000000e-02
nv,9.815248e-01,1.358078e-03,5,1.000000e-02
gl,9.814132e-01,1.382021e-03,5,1.000000e-02
nv,9.815245e-01,1.357748e-03,5,1.000000e-02
gl,9.814117e-01,1.382190e-03,5,1.000000e-02
nv,9.815283e-01,1.357128e-03,5,1.000000e-02
gl,9.813986e-01,1.383033e-03,5,1.000000e-02
nv,9.815240e-01,1.357783e-03,5,1.000000e-02
gl,9.813951e-01,1.383826e-03,5,1.000000e-02
nv,9.815281e-01,1.356923e-03,5,1.000000e-02
gl,9.814105e-01,1.382801e-03,5,1.000000e-02
nv,9.815432e-01,1.355909e-03,5,1.000000e-02
gl,9.814262e-01,1.381773e-03,5,1.000000e-02
nv,9.815565e-01,1.354859e-03,5,1.000000e-02
gl,9.814184e-01,1.381628e-03,5,1.000000e-02
nv,9.815705e-01,1.353822e-03,5,1.000000e-02
gl,9.814169e-01,1.381336e-03,5,1.000000e-02
nv,9.815657e-01,1.355321e-03,5,1.000000e-02
gl,9.814221e-01,1.380484e-03,5,1.000000e-02
nv,9.815711e-01,1.354649e-03,5,1.000000e-02
gl,9.814248e-01,1.379547e-03,5,1.000000e-02
nv,9.815784e-01,1.354069e-03,5,1.000000e-02
gl,9.814251e-01,1.379032e-03,5,1.000000e-02
nv,9.815937e-01,1.353063e-03,5,1.000000e-02
gl,9.814146e-01,1.379229e-03,5,1.000000e-02
nv,9.816033e-01,1.352278e-03,5,1.000000e-02
gl,9.814236e-01,1.378169e-03,5,1.000000e-02
nv,9.815944e-01,1.352419e-03,5,1.000000e-02
gl,9.814184e-01,1.379049e-03,5,1.000000e-02
nv,9.815957e-01,1.351505e-03,5,1.000000e-02
gl,9.814269e-01,1.377923e-03,5,1.000000e-02
nv,9.815925e-01,1.351429e-03,5,1.000000e-02
gl,9.814375e-01,1.376949e-03,5,1.000000e-02
nv,9.815937e-01,1.352574e-03,5,1.000000e-02
gl,9.814291e-01,1.377173e-03,5,1.000000e-02
nv,9.815785e-01,1.354868e-03,5,1.000000e-02
gl,9.814294e-01,1.377661e-03,5,1.000000e-02
nv,9.815835e-01,1.354057e-03,5,1.000000e-02
gl,9.814448e-01,1.376667e-03,5,1.000000e-02
nv,9.815928e-01,1.353131e-03,5,1.000000e-02
gl,9.814520e-01,1.375623e-03,5,1.000000e-02
nv,9.815949e-01,1.353094e-03,5,1.000000e-02
gl,9.814304e-01,1.379356e-03,5,1.000000e-02
nv,9.815853e-01,1.354528e-03,5,1.000000e-02
gl,9.814435e-01,1.378331e-03,5,1.000000e-02
nv,9.815975e-01,1.353615e-03,5,1.000000e-02
gl,9.814556e-01,1.377278e-03,5,1.000000e-02
nv,9.815891e-01,1.353909e-03,5,1.000000e-02
gl,9.814480e-01,1.378200e-03,5,1.000000e-02
nv,9.815940e-01,1.353106e-03,5,1.000000e-02
gl,9.814531e-01,1.377376e-03,5,1.000000e-02
nv,9.815973e-01,1.352211e-03,5,1.000000e-02
gl,9.814413e-01,1.377992e-03,5,1.000000e-02
nv,9.816135e-01,1.351249e-03,5,1.000000e-02
gl,9.814502e-01,1.377099e-03,5,1.000000e-02
nv,9.816274e-01,1.350251e-03,5,1.000000e-02
gl,9.814367e-01,1.377595e-03,5,1.000000e-02
nv,9.816392e-01,1.349192e-03,5,1.000000e-02
gl,9.814130e-01,1.379497e-03,5,1.000000e-02
nv,9.816403e-01,1.348939e-03,5,1.000000e-02
gl,9.814159e-01,1.378525e-03,5,1.000000e-02
nv,9.816260e-01,1.350999e-03,5,1.000000e-02
gl,9.814230e-01,1.377517e-03,5,1.000000e-02
nv,9.816230e-01,1.350531e-03,5,1.000000e-02
gl,9.814047e-01,1.379334e-03,5,1.000000e-02
nv,9.816273e-01,1.349852e-03,5,1.000000e-02
gl,9.813910e-01,1.381027e-03,5,1.000000e-02
nv,9.816270e-01,1.349503e-03,5,1.000000e-02
gl,9.813964e-01,1.380140e-03,5,1.000000e-02
nv,9.816355e-01,1.348895e-03,5,1.000000e-02
gl,9.814072e-01,1.379172e-03,5,1.000000e-02
nv,9.816467e-01,1.347882e-03,5,1.000000e-02
gl,9.814184e-01,1.378124e-03,5,1.000000e-02
nv,9.816533e-01,1.347065e-03,5,1.000000e-02
gl,9.814120e-01,1.378149e-03,5,1.000000e-02
nv,9.816515e-01,1.347771e-03,5,1.000000e-02
gl,9.813910e-01,1.379152e-03,5,1.000000e-02
nv,9.816477e-01,1.347974e-03,5,1.000000e-02
gl,9.813756e-01,1.380819e-03,5,1.000000e-02
nv,9.816488e-01,1.349073e-03,5,1.000000e-02
gl,9.813744e-01,1.380505e-03,5,1.000000e-02
nv,9.816185e-01,1.352814e-03,5,1.000000e-02
gl,9.813760e-01,1.380739e-03,5,1.000000e-02
nv,9.816329e-01,1.351844e-03,5,1.000000e-02
gl,9.813755e-01,1.381133e-03,5,1.000000e-02
nv,9.816325e-01,1.352422e-03,5,1.000000e-02
gl,9.813652e-01,1.382225e-03,5,1.000000e-02
nv,9.816251e-01,1.354814e-03,5,1.000000e-02
gl,9.813611e-01,1.382569e-03,5,1.000000e-02
nv,9.816242e-01,1.355169e-03,5,1.000000e-02
gl,9.813743e-01,1.381570e-03,5,1.000000e-02
nv,9.816249e-01,1.355260e-03,5,1.000000e-02
gl,9.813805e-01,1.380789e-03,5,1.000000e-02
nv,9.816282e-01,1.354633e-03,5,1.000000e-02
gl,9.813664e-01,1.382183e-03,5,1.000000e-02
nv,9.816061e-01,1.357862e-03,5,1.000000e-02
gl,9.813717e-01,1.381714e-03,5,1.000000e-02
nv,9.816102e-01,1.357108e-03,5,1.000000e-02
gl,9.813778e-01,1.380839e-03,5,1.000000e-02
nv,9.816053e-01,1.358797e-03,5,1.000000e-02
gl,9.813805e-01,1.380057e-03,5,1.000000e-02
nv,9.816197e-01,1.357811e-03,5,1.000000e-02
gl,9.813840e-01,1.379910e-03,5,1.000000e-02
nv,9.816216e-01,1.357212e-03,5,1.000000e-02
gl,9.813879e-01,1.379293e-03,5,1.000000e-02
nv,9.816263e-01,1.356526e-03,5,1.000000e-02
gl,9.813914e-01,1.378599e-03,5,1.000000e-02
nv,9.816294e-01,1.356023e-03,5,1.000000e-02
gl,9.813935e-01,1.378002e-03,5,1.000000e-02
nv,9.816308e-01,1.355539e-03,5,1.000000e-02
gl,9.813974e-01,1.377589e-03,5,1.000000e-02
nv,9.816339e-01,1.355530e-03,5,1.000000e-02
gl,9.813920e-01,1.378250e-03,5,1.000000e-02
nv,9.816324e-01,1.355397e-03,5,1.000000e-02
gl,9.813921e-01,1.378608e-03,5,1.000000e-02
nv,9.816261e-01,1.356224e-03,5,1.000000e-02
gl,9.813947e-01,1.378072e-03,5,1.000000e-02
nv,9.816347e-01,1.355175e-03,5,1.000000e-02
gl,9.813953e-01,1.377572e-03,5,1.000000e-02
nv,9.816453e-01,1.354333e-03,5,1.000000e-02
gl,9.813864e-01,1.378214e-03,5,1.000000e-02
nv,9.816555e-01,1.353342e-03,5,1.000000e-02
gl,9.813853e-01,1.378823e-03,5,1.000000e-02
nv,9.816652e-01,1.352392e-03,5,1.000000e-02
gl,9.813833e-01,1.378413e-03,5,1.000000e-02
nv,9.816672e-01,1.351771e-03,5,1.000000e-02
gl,9.813803e-01,1.378472e-03,5,1.000000e-02
nv,9.816688e-01,1.351304e-03,5,1.000000e-02
gl,9.813666e-01,1.378538e-03,5,1.000000e-02
nv,9.816632e-01,1.351157e-03,5,1.000000e-02
gl,9.813749e-01,1.377535e-03,5,1.000000e-02
nv,9.816651e-01,1.350966e-03,5,1.000000e-02
