MU: -7.106774e-01 7.655664e-01 -7.804318e-01 1.467535e+00 6.483935e+00 
algo,mean,variance,S,tail
gl,2.853615e-11,2.707008e-21,5,8.000000e-01
nv,0,0,5,8.000000e-01
gl,3.086094e-11,5.632460e-21,5,8.000000e-01
nv,0,0,5,8.000000e-01
gl,2.302114e-11,3.976882e-21,5,8.000000e-01
nv,0,0,5,8.000000e-01
gl,4.640915e-10,7.051264e-18,5,8.000000e-01
nv,0,0,5,8.000000e-01
gl,3.727901e-10,5.646281e-18,5,8.000000e-01
nv,0,0,5,8.000000e-01
gl,3.125007e-10,4.707794e-18,5,8.000000e-01
nv,0,0,5,8.000000e-01
gl,2.691375e-10,4.037021e-18,5,8.000000e-01
nv,0,0,5,8.000000e-01
gl,2.398310e-10,3.533002e-18,5,8.000000e-01
nv,0,0,5,8.000000e-01
gl,2.155800e-10,3.140864e-18,5,8.000000e-01
nv,0,0,5,8.000000e-01
gl,1.984164e-10,2.827226e-18,5,8.000000e-01
nv,0,0,5,8.000000e-01
gl,1.806300e-10,2.571042e-18,5,8.000000e-01
nv,0,0,5,8.000000e-01
gl,1.698980e-10,2.358183e-18,5,8.000000e-01
nv,0,0,5,8.000000e-01
gl,1.582917e-10,2.177155e-18,5,8.000000e-01
nv,0,0,5,8.000000e-01
gl,1.475150e-10,2.022057e-18,5,8.000000e-01
nv,0,0,5,8.000000e-01
gl,1.386563e-10,1.887488e-18,5,8.000000e-01
nv,0,0,5,8.000000e-01
gl,1.318430e-10,1.769822e-18,5,8.000000e-01
nv,0,0,5,8.000000e-01
gl,1.247115e-10,1.665950e-18,5,8.000000e-01
nv,0,0,5,8.000000e-01
gl,1.187569e-10,1.573509e-18,5,8.000000e-01
nv,0,0,5,8.000000e-01
gl,1.246261e-10,1.501840e-18,5,8.000000e-01
nv,0,0,5,8.000000e-01
gl,1.186487e-10,1.427058e-18,5,8.000000e-01
nv,0,0,5,8.000000e-01
gl,1.145976e-10,1.359266e-18,5,8.000000e-01
nv,0,0,5,8.000000e-01
gl,1.108770e-10,1.297801e-18,5,8.000000e-01
nv,0,0,5,8.000000e-01
gl,1.062904e-10,1.241596e-18,5,8.000000e-01
nv,0,0,5,8.000000e-01
gl,1.037912e-10,1.190053e-18,5,8.000000e-01
nv,0,0,5,8.000000e-01
gl,9.989026e-11,1.142629e-18,5,8.000000e-01
nv,0,0,5,8.000000e-01
gl,9.633291e-11,1.098846e-18,5,8.000000e-01
nv,0,0,5,8.000000e-01
gl,9.331633e-11,1.058250e-18,5,8.000000e-01
nv,0,0,5,8.000000e-01
gl,9.010242e-11,1.020602e-18,5,8.000000e-01
nv,0,0,5,8.000000e-01
gl,8.778408e-11,9.854552e-19,5,8.000000e-01
nv,0,0,5,8.000000e-01
gl,8.495881e-11,9.527295e-19,5,8.000000e-01
nv,0,0,5,8.000000e-01
gl,8.261261e-11,9.220680e-19,5,8.000000e-01
nv,0,0,5,8.000000e-01
gl,8.046865e-11,8.933183e-19,5,8.000000e-01
nv,0,0,5,8.000000e-01
gl,7.877364e-11,8.662804e-19,5,8.000000e-01
nv,0,0,5,8.000000e-01
gl,7.685565e-11,8.408572e-19,5,8.000000e-01
nv,0,0,5,8.000000e-01
gl,7.472585e-11,8.169194e-19,5,8.000000e-01
nv,0,0,5,8.000000e-01
gl,7.347180e-11,7.944026e-19,5,8.000000e-01
nv,0,0,5,8.000000e-01
gl,7.166169e-11,7.729988e-19,5,8.000000e-01
nv,0,0,5,8.000000e-01
gl,7.120821e-11,7.531931e-19,5,8.000000e-01
nv,0,0,5,8.000000e-01
gl,6.960780e-11,7.339434e-19,5,8.000000e-01
nv,0,0,5,8.000000e-01
gl,6.795039e-11,7.156573e-19,5,8.000000e-01
nv,0,0,5,8.000000e-01
gl,6.714724e-11,6.982552e-19,5,8.000000e-01
nv,0,0,5,8.000000e-01
gl,6.574550e-11,6.816751e-19,5,8.000000e-01
nv,0,0,5,8.000000e-01
gl,6.487351e-11,6.658667e-19,5,8.000000e-01
nv,0,0,5,8.000000e-01
gl,6.382390e-11,6.507714e-19,5,8.000000e-01
nv,0,0,5,8.000000e-01
gl,6.269357e-11,6.363374e-19,5,8.000000e-01
nv,0,0,5,8.000000e-01
gl,6.153017e-11,6.225426e-19,5,8.000000e-01
nv,0,0,5,8.000000e-01
gl,6.032342e-11,6.093395e-19,5,8.000000e-01
nv,0,0,5,8.000000e-01
gl,5.927106e-11,5.966784e-19,5,8.000000e-01
nv,0,0,5,8.000000e-01
gl,6.219198e-11,5.913693e-19,5,8.000000e-01
nv,0,0,5,8.000000e-01
gl,6.181912e-11,5.795803e-19,5,8.000000e-01
nv,0,0,5,8.000000e-01
gl,6.433662e-11,5.710944e-19,5,8.000000e-01
nv,0,0,5,8.000000e-01
gl,6.327098e-11,5.601504e-19,5,8.000000e-01
nv,0,0,5,8.000000e-01
gl,6.219020e-11,5.496238e-19,5,8.000000e-01
nv,0,0,5,8.000000e-01
gl,6.129714e-11,5.394766e-19,5,8.000000e-01
nv,0,0,5,8.000000e-01
gl,6.037856e-11,5.296979e-19,5,8.000000e-01
nv,0,0,5,8.000000e-01
gl,5.953115e-11,5.202761e-19,5,8.000000e-01
nv,0,0,5,8.000000e-01
gl,5.876218e-11,5.111721e-19,5,8.000000e-01
nv,0,0,5,8.000000e-01
gl,5.789598e-11,5.023897e-19,5,8.000000e-01
nv,0,0,5,8.000000e-01
gl,5.711408e-11,4.939010e-19,5,8.000000e-01
nv,0,0,5,8.000000e-01
gl,5.640886e-11,4.856898e-19,5,8.000000e-01
nv,0,0,5,8.000000e-01
gl,5.585840e-11,4.777778e-19,5,8.000000e-01
nv,0,0,5,8.000000e-01
gl,5.686139e-11,4.714078e-19,5,8.000000e-01
nv,0,0,5,8.000000e-01
gl,5.607335e-11,4.639536e-19,5,8.000000e-01
nv,0,0,5,8.000000e-01
gl,5.545447e-11,4.567271e-19,5,8.000000e-01
nv,0,0,5,8.000000e-01
gl,5.471294e-11,4.497268e-19,5,8.000000e-01
nv,0,0,5,8.000000e-01
gl,5.934904e-11,4.610000e-19,5,8.000000e-01
nv,0,0,5,8.000000e-01
gl,5.865898e-11,4.541456e-19,5,8.000000e-01
nv,0,0,5,8.000000e-01
gl,5.983005e-11,4.497725e-19,5,8.000000e-01
nv,0,0,5,8.000000e-01
gl,5.908387e-11,4.432837e-19,5,8.000000e-01
nv,0,0,5,8.000000e-01
gl,5.852744e-11,4.369816e-19,5,8.000000e-01
nv,0,0,5,8.000000e-01
gl,5.791833e-11,4.308553e-19,5,8.000000e-01
nv,0,0,5,8.000000e-01
gl,5.752662e-11,4.248899e-19,5,8.000000e-01
nv,0,0,5,8.000000e-01
gl,5.703290e-11,4.191011e-19,5,8.000000e-01
nv,0,0,5,8.000000e-01
gl,5.629219e-11,4.134701e-19,5,8.000000e-01
nv,0,0,5,8.000000e-01
gl,5.566078e-11,4.079831e-19,5,8.000000e-01
nv,0,0,5,8.000000e-01
gl,5.506357e-11,4.026361e-19,5,8.000000e-01
nv,0,0,5,8.000000e-01
gl,5.450051e-11,3.974264e-19,5,8.000000e-01
nv,0,0,5,8.000000e-01
gl,5.390454e-11,3.923544e-19,5,8.000000e-01
nv,0,0,5,8.000000e-01
gl,5.335727e-11,3.874072e-19,5,8.000000e-01
nv,0,0,5,8.000000e-01
gl,5.303780e-11,3.825819e-19,5,8.000000e-01
nv,0,0,5,8.000000e-01
gl,5.243583e-11,3.778828e-19,5,8.000000e-01
nv,0,0,5,8.000000e-01
gl,5.187410e-11,3.732950e-19,5,8.000000e-01
nv,0,0,5,8.000000e-01
gl,5.765496e-11,4.003731e-19,5,8.000000e-01
nv,0,0,5,8.000000e-01
gl,5.703095e-11,3.956339e-19,5,8.000000e-01
nv,0,0,5,8.000000e-01
gl,5.678504e-11,3.910190e-19,5,8.000000e-01
nv,0,0,5,8.000000e-01
gl,5.638914e-11,3.864865e-19,5,8.000000e-01
nv,0,0,5,8.000000e-01
gl,5.733295e-11,3.827906e-19,5,8.000000e-01
nv,0,0,5,8.000000e-01
gl,5.688684e-11,3.784748e-19,5,8.000000e-01
nv,0,0,5,8.000000e-01
gl,6.002374e-11,3.855500e-19,5,8.000000e-01
nv,0,0,5,8.000000e-01
gl,6.195898e-11,3.866563e-19,5,8.000000e-01
nv,0,0,5,8.000000e-01
gl,6.134833e-11,3.824379e-19,5,8.000000e-01
nv,0,0,5,8.000000e-01
gl,6.092406e-11,3.783027e-19,5,8.000000e-01
nv,0,0,5,8.000000e-01
gl,6.042263e-11,3.742683e-19,5,8.000000e-01
nv,0,0,5,8.000000e-01
gl,5.988455e-11,3.703134e-19,5,8.000000e-01
nv,0,0,5,8.000000e-01
gl,5.996163e-11,3.666334e-19,5,8.000000e-01
nv,0,0,5,8.000000e-01
gl,5.953105e-11,3.628381e-19,5,8.000000e-01
nv,0,0,5,8.000000e-01
gl,5.908098e-11,3.591174e-19,5,8.000000e-01
nv,0,0,5,8.000000e-01
gl,5.902057e-11,3.555626e-19,5,8.000000e-01
nv,0,0,5,8.000000e-01
gl,5.871581e-11,3.519883e-19,5,8.000000e-01
nv,0,0,5,8.000000e-01
gl,5.825421e-11,3.484911e-19,5,8.000000e-01
nv,0,0,5,8.000000e-01
gl,5.781644e-11,3.450592e-19,5,8.000000e-01
nv,0,0,5,8.000000e-01
gl,5.730510e-11,3.417002e-19,5,8.000000e-01
nv,0,0,5,8.000000e-01
gl,5.680114e-11,3.384060e-19,5,8.000000e-01
nv,0,0,5,8.000000e-01
gl,5.629542e-11,3.351757e-19,5,8.000000e-01
nv,0,0,5,8.000000e-01
gl,5.582245e-11,3.320057e-19,5,8.000000e-01
nv,0,0,5,8.000000e-01
gl,5.543459e-11,3.288943e-19,5,8.000000e-01
nv,0,0,5,8.000000e-01
gl,5.514529e-11,3.258371e-19,5,8.000000e-01
nv,0,0,5,8.000000e-01
gl,5.518733e-11,3.229326e-19,5,8.000000e-01
nv,0,0,5,8.000000e-01
gl,5.474982e-11,3.199894e-19,5,8.000000e-01
nv,0,0,5,8.000000e-01
gl,5.458229e-11,3.171295e-19,5,8.000000e-01
nv,0,0,5,8.000000e-01
gl,5.531871e-11,3.156230e-19,5,8.000000e-01
nv,0,0,5,8.000000e-01
gl,5.527207e-11,3.129615e-19,5,8.000000e-01
nv,0,0,5,8.000000e-01
gl,5.485596e-11,3.102135e-19,5,8.000000e-01
nv,0,0,5,8.000000e-01
gl,5.449277e-11,3.075107e-19,5,8.000000e-01
nv,0,0,5,8.000000e-01
gl,5.408727e-11,3.048539e-19,5,8.000000e-01
nv,0,0,5,8.000000e-01
gl,5.371600e-11,3.022436e-19,5,8.000000e-01
nv,0,0,5,8.000000e-01
gl,5.391491e-11,3.000984e-19,5,8.000000e-01
nv,0,0,5,8.000000e-01
gl,5.348846e-11,2.975751e-19,5,8.000000e-01
nv,0,0,5,8.000000e-01
gl,5.314626e-11,2.950889e-19,5,8.000000e-01
nv,0,0,5,8.000000e-01
gl,5.271415e-11,2.926500e-19,5,8.000000e-01
nv,0,0,5,8.000000e-01
gl,5.232992e-11,2.902476e-19,5,8.000000e-01
nv,0,0,5,8.000000e-01
gl,5.248572e-11,2.882119e-19,5,8.000000e-01
nv,0,0,5,8.000000e-01
gl,5.234143e-11,2.859433e-19,5,8.000000e-01
nv,0,0,5,8.000000e-01
gl,5.198302e-11,2.836531e-19,5,8.000000e-01
nv,0,0,5,8.000000e-01
gl,5.164204e-11,2.813993e-19,5,8.000000e-01
nv,0,0,5,8.000000e-01
gl,5.153218e-11,2.792089e-19,5,8.000000e-01
nv,0,0,5,8.000000e-01
gl,5.164645e-11,2.771178e-19,5,8.000000e-01
nv,0,0,5,8.000000e-01
gl,5.164826e-11,2.750053e-19,5,8.000000e-01
nv,0,0,5,8.000000e-01
gl,5.138730e-11,2.728876e-19,5,8.000000e-01
nv,0,0,5,8.000000e-01
gl,5.106330e-11,2.708031e-19,5,8.000000e-01
nv,0,0,5,8.000000e-01
gl,5.078987e-11,2.687459e-19,5,8.000000e-01
nv,0,0,5,8.000000e-01
gl,5.072766e-11,2.667846e-19,5,8.000000e-01
nv,0,0,5,8.000000e-01
gl,5.051187e-11,2.648070e-19,5,8.000000e-01
nv,0,0,5,8.000000e-01
gl,5.017915e-11,2.628448e-19,5,8.000000e-01
nv,0,0,5,8.000000e-01
gl,4.984648e-11,2.609115e-19,5,8.000000e-01
nv,0,0,5,8.000000e-01
gl,4.955839e-11,2.590041e-19,5,8.000000e-01
nv,0,0,5,8.000000e-01
gl,4.927872e-11,2.571251e-19,5,8.000000e-01
nv,0,0,5,8.000000e-01
gl,4.912467e-11,2.552785e-19,5,8.000000e-01
nv,0,0,5,8.000000e-01
gl,4.885134e-11,2.534530e-19,5,8.000000e-01
nv,0,0,5,8.000000e-01
gl,4.861018e-11,2.516525e-19,5,8.000000e-01
nv,0,0,5,8.000000e-01
gl,4.832154e-11,2.498794e-19,5,8.000000e-01
nv,0,0,5,8.000000e-01
gl,4.808764e-11,2.481320e-19,5,8.000000e-01
nv,0,0,5,8.000000e-01
gl,4.785740e-11,2.464063e-19,5,8.000000e-01
nv,0,0,5,8.000000e-01
gl,4.762666e-11,2.447050e-19,5,8.000000e-01
nv,0,0,5,8.000000e-01
gl,4.740874e-11,2.430372e-19,5,8.000000e-01
nv,0,0,5,8.000000e-01
gl,4.852734e-11,2.435255e-19,5,8.000000e-01
nv,0,0,5,8.000000e-01
gl,4.830511e-11,2.418786e-19,5,8.000000e-01
nv,0,0,5,8.000000e-01
gl,4.799839e-11,2.402571e-19,5,8.000000e-01
nv,0,0,5,8.000000e-01
gl,4.784341e-11,2.386556e-19,5,8.000000e-01
nv,0,0,5,8.000000e-01
gl,4.769605e-11,2.370773e-19,5,8.000000e-01
nv,0,0,5,8.000000e-01
gl,4.749790e-11,2.355162e-19,5,8.000000e-01
nv,0,0,5,8.000000e-01
gl,4.743105e-11,2.340257e-19,5,8.000000e-01
nv,0,0,5,8.000000e-01
gl,4.724795e-11,2.325043e-19,5,8.000000e-01
nv,0,0,5,8.000000e-01
gl,4.773646e-11,2.318280e-19,5,8.000000e-01
nv,0,0,5,8.000000e-01
gl,4.952767e-11,2.358906e-19,5,8.000000e-01
nv,0,0,5,8.000000e-01
gl,4.923832e-11,2.343908e-19,5,8.000000e-01
nv,0,0,5,8.000000e-01
gl,4.909349e-11,2.329200e-19,5,8.000000e-01
nv,0,0,5,8.000000e-01
gl,4.885139e-11,2.314599e-19,5,8.000000e-01
nv,0,0,5,8.000000e-01
gl,4.860875e-11,2.300140e-19,5,8.000000e-01
nv,0,0,5,8.000000e-01
gl,4.844007e-11,2.285879e-19,5,8.000000e-01
nv,0,0,5,8.000000e-01
gl,4.824169e-11,2.271769e-19,5,8.000000e-01
nv,0,0,5,8.000000e-01
gl,4.807683e-11,2.257993e-19,5,8.000000e-01
nv,0,0,5,8.000000e-01
gl,4.780654e-11,2.244253e-19,5,8.000000e-01
nv,0,0,5,8.000000e-01
gl,4.773664e-11,2.230970e-19,5,8.000000e-01
nv,0,0,5,8.000000e-01
gl,4.756672e-11,2.217554e-19,5,8.000000e-01
nv,0,0,5,8.000000e-01
gl,4.737822e-11,2.204268e-19,5,8.000000e-01
nv,0,0,5,8.000000e-01
gl,4.869881e-11,2.223185e-19,5,8.000000e-01
nv,0,0,5,8.000000e-01
gl,4.849472e-11,2.210029e-19,5,8.000000e-01
nv,0,0,5,8.000000e-01
gl,4.832669e-11,2.197033e-19,5,8.000000e-01
nv,0,0,5,8.000000e-01
gl,4.821745e-11,2.184391e-19,5,8.000000e-01
nv,0,0,5,8.000000e-01
gl,4.797479e-11,2.171712e-19,5,8.000000e-01
nv,0,0,5,8.000000e-01
gl,4.778430e-11,2.159201e-19,5,8.000000e-01
nv,0,0,5,8.000000e-01
gl,4.768150e-11,2.146894e-19,5,8.000000e-01
nv,0,0,5,8.000000e-01
gl,4.759241e-11,2.134902e-19,5,8.000000e-01
nv,0,0,5,8.000000e-01
gl,4.736861e-11,2.122789e-19,5,8.000000e-01
nv,0,0,5,8.000000e-01
gl,4.714983e-11,2.110819e-19,5,8.000000e-01
nv,0,0,5,8.000000e-01
gl,4.693638e-11,2.098985e-19,5,8.000000e-01
nv,0,0,5,8.000000e-01
gl,4.686386e-11,2.087468e-19,5,8.000000e-01
nv,0,0,5,8.000000e-01
gl,4.682714e-11,2.076152e-19,5,8.000000e-01
nv,0,0,5,8.000000e-01
gl,4.680482e-11,2.065287e-19,5,8.000000e-01
nv,0,0,5,8.000000e-01
gl,4.656308e-11,2.053977e-19,5,8.000000e-01
nv,0,0,5,8.000000e-01
gl,4.636422e-11,2.042781e-19,5,8.000000e-01
nv,0,0,5,8.000000e-01
gl,4.619255e-11,2.031712e-19,5,8.000000e-01
nv,0,0,5,8.000000e-01
gl,4.599835e-11,2.020743e-19,5,8.000000e-01
nv,0,0,5,8.000000e-01
gl,4.579284e-11,2.009900e-19,5,8.000000e-01
nv,0,0,5,8.000000e-01
gl,4.559776e-11,1.999163e-19,5,8.000000e-01
nv,0,0,5,8.000000e-01
gl,4.549223e-11,1.988569e-19,5,8.000000e-01
nv,0,0,5,8.000000e-01
gl,4.527111e-11,1.978079e-19,5,8.000000e-01
nv,0,0,5,8.000000e-01
gl,4.513443e-11,1.967783e-19,5,8.000000e-01
nv,0,0,5,8.000000e-01
gl,4.495722e-11,1.957508e-19,5,8.000000e-01
nv,0,0,5,8.000000e-01
gl,4.563579e-11,1.961767e-19,5,8.000000e-01
nv,0,0,5,8.000000e-01
gl,4.547510e-11,1.951629e-19,5,8.000000e-01
nv,0,0,5,8.000000e-01
gl,4.552214e-11,1.942046e-19,5,8.000000e-01
nv,0,0,5,8.000000e-01
gl,4.558532e-11,1.933316e-19,5,8.000000e-01
nv,0,0,5,8.000000e-01
gl,4.559196e-11,1.923619e-19,5,8.000000e-01
nv,0,0,5,8.000000e-01
gl,4.554426e-11,1.914105e-19,5,8.000000e-01
nv,0,0,5,8.000000e-01
gl,4.534809e-11,1.904467e-19,5,8.000000e-01
nv,0,0,5,8.000000e-01
gl,4.516003e-11,1.894923e-19,5,8.000000e-01
nv,0,0,5,8.000000e-01
gl,4.520547e-11,1.886300e-19,5,8.000000e-01
nv,0,0,5,8.000000e-01
gl,4.505114e-11,1.876925e-19,5,8.000000e-01
nv,0,0,5,8.000000e-01
gl,4.493301e-11,1.867639e-19,5,8.000000e-01
nv,0,0,5,8.000000e-01
gl,4.480838e-11,1.858474e-19,5,8.000000e-01
nv,0,0,5,8.000000e-01
gl,4.460696e-11,1.849401e-19,5,8.000000e-01
nv,0,0,5,8.000000e-01
gl,4.440829e-11,1.840412e-19,5,8.000000e-01
nv,0,0,5,8.000000e-01
gl,4.422306e-11,1.831512e-19,5,8.000000e-01
nv,0,0,5,8.000000e-01
gl,4.494569e-11,1.837214e-19,5,8.000000e-01
nv,0,0,5,8.000000e-01
gl,4.503842e-11,1.829358e-19,5,8.000000e-01
nv,0,0,5,8.000000e-01
gl,4.514303e-11,1.821101e-19,5,8.000000e-01
nv,0,0,5,8.000000e-01
gl,4.493419e-11,1.812475e-19,5,8.000000e-01
nv,0,0,5,8.000000e-01
gl,4.490684e-11,1.803971e-19,5,8.000000e-01
nv,0,0,5,8.000000e-01
gl,4.480769e-11,1.795529e-19,5,8.000000e-01
nv,0,0,5,8.000000e-01
gl,4.460985e-11,1.787140e-19,5,8.000000e-01
nv,0,0,5,8.000000e-01
gl,4.461993e-11,1.779598e-19,5,8.000000e-01
nv,0,0,5,8.000000e-01
gl,4.446546e-11,1.771349e-19,5,8.000000e-01
nv,0,0,5,8.000000e-01
gl,4.426678e-11,1.763191e-19,5,8.000000e-01
nv,0,0,5,8.000000e-01
gl,4.410208e-11,1.755096e-19,5,8.000000e-01
nv,0,0,5,8.000000e-01
gl,4.390973e-11,1.747085e-19,5,8.000000e-01
nv,0,0,5,8.000000e-01
gl,4.377931e-11,1.739134e-19,5,8.000000e-01
nv,0,0,5,8.000000e-01
gl,4.366641e-11,1.731313e-19,5,8.000000e-01
nv,0,0,5,8.000000e-01
gl,4.364438e-11,1.723689e-19,5,8.000000e-01
nv,0,0,5,8.000000e-01
gl,4.344937e-11,1.715970e-19,5,8.000000e-01
nv,0,0,5,8.000000e-01
gl,4.334308e-11,1.708321e-19,5,8.000000e-01
nv,0,0,5,8.000000e-01
gl,4.317044e-11,1.700727e-19,5,8.000000e-01
nv,0,0,5,8.000000e-01
gl,4.317443e-11,1.693837e-19,5,8.000000e-01
nv,0,0,5,8.000000e-01
gl,4.306591e-11,1.686374e-19,5,8.000000e-01
nv,0,0,5,8.000000e-01
gl,4.296806e-11,1.679019e-19,5,8.000000e-01
nv,0,0,5,8.000000e-01
gl,4.295500e-11,1.672104e-19,5,8.000000e-01
nv,0,0,5,8.000000e-01
gl,4.298170e-11,1.665066e-19,5,8.000000e-01
nv,0,0,5,8.000000e-01
gl,4.288359e-11,1.657893e-19,5,8.000000e-01
nv,0,0,5,8.000000e-01
gl,4.271258e-11,1.650749e-19,5,8.000000e-01
nv,0,0,5,8.000000e-01
gl,4.273063e-11,1.643735e-19,5,8.000000e-01
nv,0,0,5,8.000000e-01
gl,4.256123e-11,1.636714e-19,5,8.000000e-01
nv,0,0,5,8.000000e-01
gl,4.248088e-11,1.629885e-19,5,8.000000e-01
nv,0,0,5,8.000000e-01
gl,4.247436e-11,1.623293e-19,5,8.000000e-01
nv,0,0,5,8.000000e-01
gl,4.288012e-11,1.622975e-19,5,8.000000e-01
nv,0,0,5,8.000000e-01
gl,4.273427e-11,1.616156e-19,5,8.000000e-01
nv,0,0,5,8.000000e-01
gl,4.262342e-11,1.609432e-19,5,8.000000e-01
nv,0,0,5,8.000000e-01
gl,4.250019e-11,1.602734e-19,5,8.000000e-01
nv,0,0,5,8.000000e-01
gl,4.234772e-11,1.596084e-19,5,8.000000e-01
nv,0,0,5,8.000000e-01
gl,4.224236e-11,1.589508e-19,5,8.000000e-01
nv,0,0,5,8.000000e-01
gl,4.208822e-11,1.582969e-19,5,8.000000e-01
nv,0,0,5,8.000000e-01
gl,4.194547e-11,1.576485e-19,5,8.000000e-01
nv,0,0,5,8.000000e-01
gl,4.199104e-11,1.570547e-19,5,8.000000e-01
nv,0,0,5,8.000000e-01
gl,4.189519e-11,1.564168e-19,5,8.000000e-01
nv,0,0,5,8.000000e-01
gl,4.183574e-11,1.557944e-19,5,8.000000e-01
nv,0,0,5,8.000000e-01
gl,4.175811e-11,1.551677e-19,5,8.000000e-01
nv,0,0,5,8.000000e-01
gl,4.160371e-11,1.545452e-19,5,8.000000e-01
nv,0,0,5,8.000000e-01
gl,4.155278e-11,1.539298e-19,5,8.000000e-01
nv,0,0,5,8.000000e-01
gl,4.209849e-11,1.539813e-19,5,8.000000e-01
nv,0,0,5,8.000000e-01
gl,4.199624e-11,1.533706e-19,5,8.000000e-01
nv,0,0,5,8.000000e-01
gl,4.214250e-11,1.529117e-19,5,8.000000e-01
nv,0,0,5,8.000000e-01
gl,4.254710e-11,1.530061e-19,5,8.000000e-01
nv,0,0,5,8.000000e-01
gl,4.242581e-11,1.524072e-19,5,8.000000e-01
nv,0,0,5,8.000000e-01
gl,4.228157e-11,1.518124e-19,5,8.000000e-01
nv,0,0,5,8.000000e-01
gl,4.217452e-11,1.512224e-19,5,8.000000e-01
nv,0,0,5,8.000000e-01
gl,4.210712e-11,1.506426e-19,5,8.000000e-01
nv,0,0,5,8.000000e-01
gl,4.203336e-11,1.500607e-19,5,8.000000e-01
nv,0,0,5,8.000000e-01
gl,4.194731e-11,1.494847e-19,5,8.000000e-01
nv,0,0,5,8.000000e-01
gl,4.182788e-11,1.489131e-19,5,8.000000e-01
nv,0,0,5,8.000000e-01
gl,4.194179e-11,1.484152e-19,5,8.000000e-01
nv,0,0,5,8.000000e-01
gl,4.198201e-11,1.479201e-19,5,8.000000e-01
nv,0,0,5,8.000000e-01
gl,4.187431e-11,1.473623e-19,5,8.000000e-01
nv,0,0,5,8.000000e-01
gl,4.176064e-11,1.468065e-19,5,8.000000e-01
nv,0,0,5,8.000000e-01
gl,4.176183e-11,1.462942e-19,5,8.000000e-01
nv,0,0,5,8.000000e-01
gl,4.165299e-11,1.457466e-19,5,8.000000e-01
nv,0,0,5,8.000000e-01
gl,4.153282e-11,1.452028e-19,5,8.000000e-01
nv,0,0,5,8.000000e-01
gl,4.163576e-11,1.447782e-19,5,8.000000e-01
nv,0,0,5,8.000000e-01
gl,4.170189e-11,1.442856e-19,5,8.000000e-01
nv,0,0,5,8.000000e-01
gl,4.159771e-11,1.437532e-19,5,8.000000e-01
nv,0,0,5,8.000000e-01
gl,4.157801e-11,1.432285e-19,5,8.000000e-01
nv,0,0,5,8.000000e-01
gl,4.186381e-11,1.430713e-19,5,8.000000e-01
nv,0,0,5,8.000000e-01
gl,4.174796e-11,1.425509e-19,5,8.000000e-01
nv,0,0,5,8.000000e-01
gl,4.163055e-11,1.420325e-19,5,8.000000e-01
nv,0,0,5,8.000000e-01
gl,4.181002e-11,1.417176e-19,5,8.000000e-01
nv,0,0,5,8.000000e-01
gl,4.167334e-11,1.412074e-19,5,8.000000e-01
nv,0,0,5,8.000000e-01
gl,4.154148e-11,1.407006e-19,5,8.000000e-01
nv,0,0,5,8.000000e-01
gl,4.145445e-11,1.402000e-19,5,8.000000e-01
nv,0,0,5,8.000000e-01
gl,4.137593e-11,1.396986e-19,5,8.000000e-01
nv,0,0,5,8.000000e-01
gl,4.137300e-11,1.392174e-19,5,8.000000e-01
nv,0,0,5,8.000000e-01
gl,4.123035e-11,1.387257e-19,5,8.000000e-01
nv,0,0,5,8.000000e-01
gl,4.112688e-11,1.382361e-19,5,8.000000e-01
nv,0,0,5,8.000000e-01
gl,4.101307e-11,1.377502e-19,5,8.000000e-01
nv,0,0,5,8.000000e-01
gl,4.123159e-11,1.374876e-19,5,8.000000e-01
nv,0,0,5,8.000000e-01
gl,4.111544e-11,1.370077e-19,5,8.000000e-01
nv,0,0,5,8.000000e-01
gl,4.325619e-11,1.497196e-19,5,8.000000e-01
nv,0,0,5,8.000000e-01
gl,4.316197e-11,1.492008e-19,5,8.000000e-01
nv,0,0,5,8.000000e-01
gl,4.305408e-11,1.486856e-19,5,8.000000e-01
nv,0,0,5,8.000000e-01
gl,4.293964e-11,1.481733e-19,5,8.000000e-01
nv,0,0,5,8.000000e-01
gl,4.279668e-11,1.476664e-19,5,8.000000e-01
nv,0,0,5,8.000000e-01
gl,4.265565e-11,1.471628e-19,5,8.000000e-01
nv,0,0,5,8.000000e-01
gl,4.255461e-11,1.466622e-19,5,8.000000e-01
nv,0,0,5,8.000000e-01
gl,4.244307e-11,1.461644e-19,5,8.000000e-01
nv,0,0,5,8.000000e-01
gl,4.241986e-11,1.456722e-19,5,8.000000e-01
nv,0,0,5,8.000000e-01
gl,4.230912e-11,1.451805e-19,5,8.000000e-01
nv,0,0,5,8.000000e-01
gl,4.254980e-11,1.449965e-19,5,8.000000e-01
nv,0,0,5,8.000000e-01
gl,4.246162e-11,1.445105e-19,5,8.000000e-01
nv,0,0,5,8.000000e-01
gl,4.234118e-11,1.440283e-19,5,8.000000e-01
nv,0,0,5,8.000000e-01
gl,4.228254e-11,1.435545e-19,5,8.000000e-01
nv,0,0,5,8.000000e-01
gl,4.216047e-11,1.430789e-19,5,8.000000e-01
nv,0,0,5,8.000000e-01
gl,4.272097e-11,1.433782e-19,5,8.000000e-01
nv,0,0,5,8.000000e-01
gl,4.259346e-11,1.429068e-19,5,8.000000e-01
nv,0,0,5,8.000000e-01
gl,4.249364e-11,1.424376e-19,5,8.000000e-01
nv,0,0,5,8.000000e-01
gl,4.244951e-11,1.419719e-19,5,8.000000e-01
nv,0,0,5,8.000000e-01
gl,4.232816e-11,1.415094e-19,5,8.000000e-01
nv,0,0,5,8.000000e-01
gl,4.257426e-11,1.413968e-19,5,8.000000e-01
nv,0,0,5,8.000000e-01
gl,4.245102e-11,1.409394e-19,5,8.000000e-01
nv,0,0,5,8.000000e-01
gl,4.242860e-11,1.404873e-19,5,8.000000e-01
nv,0,0,5,8.000000e-01
gl,4.237454e-11,1.400360e-19,5,8.000000e-01
nv,0,0,5,8.000000e-01
gl,4.237124e-11,1.396094e-19,5,8.000000e-01
nv,0,0,5,8.000000e-01
gl,4.229194e-11,1.391636e-19,5,8.000000e-01
nv,0,0,5,8.000000e-01
gl,4.245831e-11,1.389741e-19,5,8.000000e-01
nv,0,0,5,8.000000e-01
gl,4.259694e-11,1.387091e-19,5,8.000000e-01
nv,0,0,5,8.000000e-01
gl,4.255256e-11,1.382706e-19,5,8.000000e-01
nv,0,0,5,8.000000e-01
gl,4.242399e-11,1.378353e-19,5,8.000000e-01
nv,0,0,5,8.000000e-01
gl,4.233296e-11,1.374005e-19,5,8.000000e-01
nv,0,0,5,8.000000e-01
gl,4.259298e-11,1.373204e-19,5,8.000000e-01
nv,0,0,5,8.000000e-01
gl,4.246657e-11,1.368923e-19,5,8.000000e-01
nv,0,0,5,8.000000e-01
gl,4.244414e-11,1.364757e-19,5,8.000000e-01
nv,0,0,5,8.000000e-01
gl,4.236109e-11,1.360529e-19,5,8.000000e-01
nv,0,0,5,8.000000e-01
gl,4.227524e-11,1.356310e-19,5,8.000000e-01
nv,0,0,5,8.000000e-01
gl,4.228555e-11,1.352532e-19,5,8.000000e-01
nv,0,0,5,8.000000e-01
gl,4.243272e-11,1.350065e-19,5,8.000000e-01
nv,0,0,5,8.000000e-01
gl,4.233857e-11,1.345939e-19,5,8.000000e-01
nv,0,0,5,8.000000e-01
gl,4.227478e-11,1.341885e-19,5,8.000000e-01
nv,0,0,5,8.000000e-01
gl,4.216373e-11,1.337797e-19,5,8.000000e-01
nv,0,0,5,8.000000e-01
gl,4.213672e-11,1.333834e-19,5,8.000000e-01
nv,0,0,5,8.000000e-01
gl,4.202889e-11,1.329793e-19,5,8.000000e-01
nv,0,0,5,8.000000e-01
gl,4.205969e-11,1.326378e-19,5,8.000000e-01
nv,0,0,5,8.000000e-01
gl,4.200662e-11,1.322431e-19,5,8.000000e-01
nv,0,0,5,8.000000e-01
gl,4.226121e-11,1.322785e-19,5,8.000000e-01
nv,0,0,5,8.000000e-01
gl,4.218223e-11,1.318842e-19,5,8.000000e-01
nv,0,0,5,8.000000e-01
gl,4.208962e-11,1.314904e-19,5,8.000000e-01
nv,0,0,5,8.000000e-01
gl,4.210245e-11,1.311284e-19,5,8.000000e-01
nv,0,0,5,8.000000e-01
gl,4.200939e-11,1.307396e-19,5,8.000000e-01
nv,0,0,5,8.000000e-01
gl,4.189879e-11,1.303536e-19,5,8.000000e-01
nv,0,0,5,8.000000e-01
gl,4.188609e-11,1.299925e-19,5,8.000000e-01
nv,0,0,5,8.000000e-01
gl,4.178505e-11,1.296107e-19,5,8.000000e-01
nv,0,0,5,8.000000e-01
gl,4.168987e-11,1.292305e-19,5,8.000000e-01
nv,0,0,5,8.000000e-01
gl,4.158849e-11,1.288530e-19,5,8.000000e-01
nv,0,0,5,8.000000e-01
gl,4.154644e-11,1.284823e-19,5,8.000000e-01
nv,0,0,5,8.000000e-01
gl,4.143956e-11,1.281094e-19,5,8.000000e-01
nv,0,0,5,8.000000e-01
gl,4.132989e-11,1.277389e-19,5,8.000000e-01
nv,0,0,5,8.000000e-01
gl,4.129402e-11,1.273775e-19,5,8.000000e-01
nv,0,0,5,8.000000e-01
gl,4.120374e-11,1.270124e-19,5,8.000000e-01
nv,0,0,5,8.000000e-01
gl,4.132151e-11,1.267197e-19,5,8.000000e-01
nv,0,0,5,8.000000e-01
gl,4.143440e-11,1.264529e-19,5,8.000000e-01
nv,0,0,5,8.000000e-01
gl,4.137737e-11,1.260942e-19,5,8.000000e-01
nv,0,0,5,8.000000e-01
gl,4.130231e-11,1.257352e-19,5,8.000000e-01
nv,0,0,5,8.000000e-01
gl,4.144813e-11,1.254833e-19,5,8.000000e-01
nv,0,0,5,8.000000e-01
gl,4.137866e-11,1.251285e-19,5,8.000000e-01
nv,0,0,5,8.000000e-01
gl,4.128377e-11,1.247754e-19,5,8.000000e-01
nv,0,0,5,8.000000e-01
gl,4.218361e-11,1.279410e-19,5,8.000000e-01
nv,0,0,5,8.000000e-01
gl,4.216028e-11,1.275859e-19,5,8.000000e-01
nv,0,0,5,8.000000e-01
gl,4.216274e-11,1.272424e-19,5,8.000000e-01
nv,0,0,5,8.000000e-01
gl,4.207456e-11,1.268884e-19,5,8.000000e-01
nv,0,0,5,8.000000e-01
gl,4.199048e-11,1.265357e-19,5,8.000000e-01
nv,0,0,5,8.000000e-01
gl,4.188946e-11,1.261849e-19,5,8.000000e-01
nv,0,0,5,8.000000e-01
gl,4.183603e-11,1.258363e-19,5,8.000000e-01
nv,0,0,5,8.000000e-01
gl,4.175819e-11,1.254888e-19,5,8.000000e-01
nv,0,0,5,8.000000e-01
gl,4.170718e-11,1.251493e-19,5,8.000000e-01
nv,0,0,5,8.000000e-01
gl,4.161123e-11,1.248066e-19,5,8.000000e-01
nv,0,0,5,8.000000e-01
gl,4.151621e-11,1.244655e-19,5,8.000000e-01
nv,0,0,5,8.000000e-01
gl,4.203822e-11,1.254366e-19,5,8.000000e-01
nv,0,0,5,8.000000e-01
gl,4.214529e-11,1.252175e-19,5,8.000000e-01
nv,0,0,5,8.000000e-01
gl,4.205166e-11,1.248778e-19,5,8.000000e-01
nv,0,0,5,8.000000e-01
gl,4.205553e-11,1.245641e-19,5,8.000000e-01
nv,0,0,5,8.000000e-01
gl,4.195791e-11,1.242283e-19,5,8.000000e-01
nv,0,0,5,8.000000e-01
gl,4.190097e-11,1.238978e-19,5,8.000000e-01
nv,0,0,5,8.000000e-01
gl,4.181535e-11,1.235653e-19,5,8.000000e-01
nv,0,0,5,8.000000e-01
gl,4.175127e-11,1.232380e-19,5,8.000000e-01
nv,0,0,5,8.000000e-01
gl,4.165078e-11,1.229097e-19,5,8.000000e-01
nv,0,0,5,8.000000e-01
gl,4.233431e-11,1.240421e-19,5,8.000000e-01
nv,0,0,5,8.000000e-01
gl,4.223000e-11,1.237136e-19,5,8.000000e-01
nv,0,0,5,8.000000e-01
gl,4.355737e-11,1.302516e-19,5,8.000000e-01
nv,0,0,5,8.000000e-01
gl,4.354677e-11,1.299171e-19,5,8.000000e-01
nv,0,0,5,8.000000e-01
gl,4.344452e-11,1.295755e-19,5,8.000000e-01
nv,0,0,5,8.000000e-01
gl,4.334925e-11,1.292359e-19,5,8.000000e-01
nv,0,0,5,8.000000e-01
gl,4.328907e-11,1.289005e-19,5,8.000000e-01
nv,0,0,5,8.000000e-01
gl,4.329049e-11,1.285870e-19,5,8.000000e-01
nv,0,0,5,8.000000e-01
gl,4.322101e-11,1.282533e-19,5,8.000000e-01
nv,0,0,5,8.000000e-01
gl,4.312804e-11,1.279205e-19,5,8.000000e-01
nv,0,0,5,8.000000e-01
gl,4.330060e-11,1.276989e-19,5,8.000000e-01
nv,0,0,5,8.000000e-01
gl,4.321160e-11,1.273693e-19,5,8.000000e-01
nv,0,0,5,8.000000e-01
gl,4.314006e-11,1.270404e-19,5,8.000000e-01
nv,0,0,5,8.000000e-01
gl,4.305864e-11,1.267137e-19,5,8.000000e-01
nv,0,0,5,8.000000e-01
gl,4.301277e-11,1.263884e-19,5,8.000000e-01
nv,0,0,5,8.000000e-01
gl,4.296217e-11,1.260675e-19,5,8.000000e-01
nv,0,0,5,8.000000e-01
gl,4.294979e-11,1.257557e-19,5,8.000000e-01
nv,0,0,5,8.000000e-01
gl,4.292417e-11,1.254483e-19,5,8.000000e-01
nv,0,0,5,8.000000e-01
gl,4.284056e-11,1.251306e-19,5,8.000000e-01
nv,0,0,5,8.000000e-01
gl,4.279302e-11,1.248139e-19,5,8.000000e-01
nv,0,0,5,8.000000e-01
gl,4.271519e-11,1.244984e-19,5,8.000000e-01
nv,0,0,5,8.000000e-01
gl,4.267714e-11,1.241898e-19,5,8.000000e-01
nv,0,0,5,8.000000e-01
gl,4.493616e-11,1.454528e-19,5,8.000000e-01
nv,0,0,5,8.000000e-01
gl,4.484976e-11,1.450880e-19,5,8.000000e-01
nv,0,0,5,8.000000e-01
gl,4.481163e-11,1.447235e-19,5,8.000000e-01
nv,0,0,5,8.000000e-01
gl,4.481322e-11,1.443742e-19,5,8.000000e-01
nv,0,0,5,8.000000e-01
gl,4.479626e-11,1.440294e-19,5,8.000000e-01
nv,0,0,5,8.000000e-01
gl,4.471398e-11,1.436716e-19,5,8.000000e-01
nv,0,0,5,8.000000e-01
gl,4.486549e-11,1.435509e-19,5,8.000000e-01
nv,0,0,5,8.000000e-01
gl,4.478481e-11,1.431958e-19,5,8.000000e-01
nv,0,0,5,8.000000e-01
gl,4.486606e-11,1.429519e-19,5,8.000000e-01
nv,0,0,5,8.000000e-01
gl,4.477748e-11,1.426006e-19,5,8.000000e-01
nv,0,0,5,8.000000e-01
gl,4.468219e-11,1.422514e-19,5,8.000000e-01
nv,0,0,5,8.000000e-01
gl,4.462270e-11,1.419044e-19,5,8.000000e-01
nv,0,0,5,8.000000e-01
gl,4.470505e-11,1.416032e-19,5,8.000000e-01
nv,0,0,5,8.000000e-01
gl,4.466348e-11,1.412602e-19,5,8.000000e-01
nv,0,0,5,8.000000e-01
gl,4.456976e-11,1.409178e-19,5,8.000000e-01
nv,0,0,5,8.000000e-01
gl,4.450296e-11,1.405755e-19,5,8.000000e-01
nv,0,0,5,8.000000e-01
gl,4.445485e-11,1.402381e-19,5,8.000000e-01
nv,0,0,5,8.000000e-01
gl,4.436210e-11,1.399006e-19,5,8.000000e-01
nv,0,0,5,8.000000e-01
gl,4.426509e-11,1.395650e-19,5,8.000000e-01
nv,0,0,5,8.000000e-01
gl,4.416087e-11,1.392314e-19,5,8.000000e-01
nv,0,0,5,8.000000e-01
gl,4.409354e-11,1.389007e-19,5,8.000000e-01
nv,0,0,5,8.000000e-01
gl,4.400764e-11,1.385692e-19,5,8.000000e-01
nv,0,0,5,8.000000e-01
gl,4.401639e-11,1.382684e-19,5,8.000000e-01
nv,0,0,5,8.000000e-01
gl,4.418747e-11,1.381440e-19,5,8.000000e-01
nv,0,0,5,8.000000e-01
gl,4.411371e-11,1.378177e-19,5,8.000000e-01
nv,0,0,5,8.000000e-01
gl,4.403210e-11,1.374919e-19,5,8.000000e-01
nv,0,0,5,8.000000e-01
gl,4.431920e-11,1.376406e-19,5,8.000000e-01
nv,0,0,5,8.000000e-01
gl,4.428620e-11,1.373198e-19,5,8.000000e-01
nv,0,0,5,8.000000e-01
gl,4.421535e-11,1.369979e-19,5,8.000000e-01
nv,0,0,5,8.000000e-01
gl,4.415973e-11,1.366790e-19,5,8.000000e-01
nv,0,0,5,8.000000e-01
gl,4.409861e-11,1.363605e-19,5,8.000000e-01
nv,0,0,5,8.000000e-01
gl,4.401232e-11,1.360430e-19,5,8.000000e-01
nv,0,0,5,8.000000e-01
gl,4.412427e-11,1.358037e-19,5,8.000000e-01
nv,0,0,5,8.000000e-01
gl,4.406330e-11,1.354889e-19,5,8.000000e-01
nv,0,0,5,8.000000e-01
gl,4.434770e-11,1.357523e-19,5,8.000000e-01
nv,0,0,5,8.000000e-01
gl,4.448107e-11,1.355386e-19,5,8.000000e-01
nv,0,0,5,8.000000e-01
gl,4.441015e-11,1.352278e-19,5,8.000000e-01
nv,0,0,5,8.000000e-01
gl,4.433898e-11,1.349177e-19,5,8.000000e-01
nv,0,0,5,8.000000e-01
gl,4.427651e-11,1.346079e-19,5,8.000000e-01
nv,0,0,5,8.000000e-01
gl,4.420180e-11,1.343003e-19,5,8.000000e-01
nv,0,0,5,8.000000e-01
gl,4.410958e-11,1.339945e-19,5,8.000000e-01
nv,0,0,5,8.000000e-01
gl,4.406306e-11,1.336892e-19,5,8.000000e-01
nv,0,0,5,8.000000e-01
gl,4.402262e-11,1.333926e-19,5,8.000000e-01
nv,0,0,5,8.000000e-01
gl,4.394354e-11,1.330903e-19,5,8.000000e-01
nv,0,0,5,8.000000e-01
gl,4.387941e-11,1.327895e-19,5,8.000000e-01
nv,0,0,5,8.000000e-01
gl,4.923959e-11,2.577383e-19,5,8.000000e-01
nv,0,0,5,8.000000e-01
gl,4.915751e-11,2.571559e-19,5,8.000000e-01
nv,0,0,5,8.000000e-01
gl,4.906294e-11,2.565769e-19,5,8.000000e-01
nv,0,0,5,8.000000e-01
gl,4.899750e-11,2.560033e-19,5,8.000000e-01
nv,0,0,5,8.000000e-01
gl,4.890223e-11,2.554296e-19,5,8.000000e-01
nv,0,0,5,8.000000e-01
gl,4.880432e-11,2.548587e-19,5,8.000000e-01
nv,0,0,5,8.000000e-01
gl,4.878829e-11,2.543149e-19,5,8.000000e-01
nv,0,0,5,8.000000e-01
gl,4.877343e-11,2.537566e-19,5,8.000000e-01
nv,0,0,5,8.000000e-01
gl,4.868271e-11,2.531930e-19,5,8.000000e-01
nv,0,0,5,8.000000e-01
gl,4.859989e-11,2.526311e-19,5,8.000000e-01
nv,0,0,5,8.000000e-01
gl,4.852752e-11,2.520741e-19,5,8.000000e-01
nv,0,0,5,8.000000e-01
gl,4.845558e-11,2.515205e-19,5,8.000000e-01
nv,0,0,5,8.000000e-01
gl,4.836255e-11,2.509668e-19,5,8.000000e-01
nv,0,0,5,8.000000e-01
gl,4.828899e-11,2.504173e-19,5,8.000000e-01
nv,0,0,5,8.000000e-01
gl,4.819581e-11,2.498690e-19,5,8.000000e-01
nv,0,0,5,8.000000e-01
gl,4.816666e-11,2.493358e-19,5,8.000000e-01
nv,0,0,5,8.000000e-01
gl,4.807365e-11,2.487919e-19,5,8.000000e-01
nv,0,0,5,8.000000e-01
gl,4.837180e-11,2.488710e-19,5,8.000000e-01
nv,0,0,5,8.000000e-01
gl,4.831049e-11,2.483310e-19,5,8.000000e-01
nv,0,0,5,8.000000e-01
gl,4.823135e-11,2.477938e-19,5,8.000000e-01
nv,0,0,5,8.000000e-01
gl,4.814788e-11,2.472582e-19,5,8.000000e-01
nv,0,0,5,8.000000e-01
gl,4.806036e-11,2.467246e-19,5,8.000000e-01
nv,0,0,5,8.000000e-01
gl,4.802318e-11,2.461983e-19,5,8.000000e-01
nv,0,0,5,8.000000e-01
gl,4.798441e-11,2.456713e-19,5,8.000000e-01
nv,0,0,5,8.000000e-01
gl,4.791964e-11,2.451440e-19,5,8.000000e-01
nv,0,0,5,8.000000e-01
gl,4.784274e-11,2.446208e-19,5,8.000000e-01
nv,0,0,5,8.000000e-01
gl,4.775391e-11,2.440984e-19,5,8.000000e-01
nv,0,0,5,8.000000e-01
gl,4.767470e-11,2.435784e-19,5,8.000000e-01
nv,0,0,5,8.000000e-01
gl,4.758128e-11,2.430609e-19,5,8.000000e-01
nv,0,0,5,8.000000e-01
gl,4.766292e-11,2.426192e-19,5,8.000000e-01
nv,0,0,5,8.000000e-01
gl,4.758908e-11,2.421056e-19,5,8.000000e-01
nv,0,0,5,8.000000e-01
gl,4.753110e-11,2.415963e-19,5,8.000000e-01
nv,0,0,5,8.000000e-01
gl,4.781946e-11,2.415851e-19,5,8.000000e-01
nv,0,0,5,8.000000e-01
gl,4.772641e-11,2.410773e-19,5,8.000000e-01
nv,0,0,5,8.000000e-01
gl,4.764057e-11,2.405711e-19,5,8.000000e-01
nv,0,0,5,8.000000e-01
gl,4.756631e-11,2.400669e-19,5,8.000000e-01
nv,0,0,5,8.000000e-01
gl,4.793899e-11,2.405165e-19,5,8.000000e-01
nv,0,0,5,8.000000e-01
gl,4.799518e-11,2.400324e-19,5,8.000000e-01
nv,0,0,5,8.000000e-01
gl,4.790242e-11,2.395333e-19,5,8.000000e-01
nv,0,0,5,8.000000e-01
gl,4.782832e-11,2.390359e-19,5,8.000000e-01
nv,0,0,5,8.000000e-01
gl,4.780680e-11,2.385470e-19,5,8.000000e-01
nv,0,0,5,8.000000e-01
gl,4.773280e-11,2.380533e-19,5,8.000000e-01
nv,0,0,5,8.000000e-01
gl,4.765283e-11,2.375620e-19,5,8.000000e-01
nv,0,0,5,8.000000e-01
gl,4.757595e-11,2.370733e-19,5,8.000000e-01
nv,0,0,5,8.000000e-01
gl,4.763785e-11,2.366639e-19,5,8.000000e-01
nv,0,0,5,8.000000e-01
gl,4.755568e-11,2.361785e-19,5,8.000000e-01
nv,0,0,5,8.000000e-01
gl,4.754421e-11,2.357020e-19,5,8.000000e-01
nv,0,0,5,8.000000e-01
gl,4.745796e-11,2.352207e-19,5,8.000000e-01
nv,0,0,5,8.000000e-01
gl,4.738139e-11,2.347407e-19,5,8.000000e-01
nv,0,0,5,8.000000e-01
gl,4.732891e-11,2.342630e-19,5,8.000000e-01
nv,0,0,5,8.000000e-01
gl,4.727735e-11,2.337939e-19,5,8.000000e-01
nv,0,0,5,8.000000e-01
gl,4.720142e-11,2.333197e-19,5,8.000000e-01
nv,0,0,5,8.000000e-01
gl,4.713022e-11,2.328473e-19,5,8.000000e-01
nv,0,0,5,8.000000e-01
gl,4.705066e-11,2.323775e-19,5,8.000000e-01
nv,0,0,5,8.000000e-01
gl,4.699631e-11,2.319106e-19,5,8.000000e-01
nv,0,0,5,8.000000e-01
gl,4.731317e-11,2.316836e-19,5,8.000000e-01
nv,0,0,5,8.000000e-01
gl,4.722679e-11,2.312194e-19,5,8.000000e-01
nv,0,0,5,8.000000e-01
gl,4.722345e-11,2.307856e-19,5,8.000000e-01
nv,0,0,5,8.000000e-01
gl,4.719155e-11,2.303253e-19,5,8.000000e-01
nv,0,0,5,8.000000e-01
gl,4.710332e-11,2.298667e-19,5,8.000000e-01
nv,0,0,5,8.000000e-01
gl,4.703865e-11,2.294095e-19,5,8.000000e-01
nv,0,0,5,8.000000e-01
gl,4.704164e-11,2.289632e-19,5,8.000000e-01
nv,0,0,5,8.000000e-01
gl,4.697072e-11,2.285091e-19,5,8.000000e-01
nv,0,0,5,8.000000e-01
gl,4.688944e-11,2.280572e-19,5,8.000000e-01
nv,0,0,5,8.000000e-01
gl,4.684473e-11,2.276062e-19,5,8.000000e-01
nv,0,0,5,8.000000e-01
gl,4.681236e-11,2.271588e-19,5,8.000000e-01
nv,0,0,5,8.000000e-01
gl,4.674819e-11,2.267117e-19,5,8.000000e-01
nv,0,0,5,8.000000e-01
gl,4.666174e-11,2.262674e-19,5,8.000000e-01
nv,0,0,5,8.000000e-01
gl,4.665769e-11,2.258359e-19,5,8.000000e-01
nv,0,0,5,8.000000e-01
gl,4.666470e-11,2.254096e-19,5,8.000000e-01
nv,0,0,5,8.000000e-01
gl,4.660702e-11,2.249697e-19,5,8.000000e-01
nv,0,0,5,8.000000e-01
gl,4.662856e-11,2.245576e-19,5,8.000000e-01
nv,0,0,5,8.000000e-01
gl,4.653895e-11,2.241222e-19,5,8.000000e-01
nv,0,0,5,8.000000e-01
gl,4.645879e-11,2.236878e-19,5,8.000000e-01
nv,0,0,5,8.000000e-01
gl,4.639622e-11,2.232544e-19,5,8.000000e-01
nv,0,0,5,8.000000e-01
gl,4.632405e-11,2.228231e-19,5,8.000000e-01
nv,0,0,5,8.000000e-01
gl,4.628414e-11,2.223939e-19,5,8.000000e-01
nv,0,0,5,8.000000e-01
gl,4.620896e-11,2.219661e-19,5,8.000000e-01
nv,0,0,5,8.000000e-01
gl,4.613927e-11,2.215409e-19,5,8.000000e-01
nv,0,0,5,8.000000e-01
gl,4.620882e-11,2.211405e-19,5,8.000000e-01
nv,0,0,5,8.000000e-01
gl,4.614360e-11,2.207170e-19,5,8.000000e-01
nv,0,0,5,8.000000e-01
gl,4.606861e-11,2.202956e-19,5,8.000000e-01
nv,0,0,5,8.000000e-01
gl,4.600174e-11,2.198754e-19,5,8.000000e-01
nv,0,0,5,8.000000e-01
gl,4.601836e-11,2.194793e-19,5,8.000000e-01
nv,0,0,5,8.000000e-01
gl,4.593780e-11,2.190630e-19,5,8.000000e-01
nv,0,0,5,8.000000e-01
gl,4.590593e-11,2.186480e-19,5,8.000000e-01
nv,0,0,5,8.000000e-01
gl,4.582196e-11,2.182352e-19,5,8.000000e-01
nv,0,0,5,8.000000e-01
gl,4.576643e-11,2.178246e-19,5,8.000000e-01
nv,0,0,5,8.000000e-01
gl,4.595720e-11,2.176867e-19,5,8.000000e-01
nv,0,0,5,8.000000e-01
gl,4.590525e-11,2.172765e-19,5,8.000000e-01
nv,0,0,5,8.000000e-01
gl,4.586837e-11,2.168779e-19,5,8.000000e-01
nv,0,0,5,8.000000e-01
gl,4.593164e-11,2.165164e-19,5,8.000000e-01
nv,0,0,5,8.000000e-01
gl,4.584596e-11,2.161125e-19,5,8.000000e-01
nv,0,0,5,8.000000e-01
gl,4.577389e-11,2.157093e-19,5,8.000000e-01
nv,0,0,5,8.000000e-01
gl,4.569812e-11,2.153077e-19,5,8.000000e-01
nv,0,0,5,8.000000e-01
gl,4.574042e-11,2.149763e-19,5,8.000000e-01
nv,0,0,5,8.000000e-01
gl,4.569089e-11,2.145788e-19,5,8.000000e-01
nv,0,0,5,8.000000e-01
gl,4.567467e-11,2.141875e-19,5,8.000000e-01
nv,0,0,5,8.000000e-01
gl,4.565189e-11,2.138036e-19,5,8.000000e-01
nv,0,0,5,8.000000e-01
gl,4.559960e-11,2.134085e-19,5,8.000000e-01
nv,0,0,5,8.000000e-01
gl,4.555900e-11,2.130194e-19,5,8.000000e-01
nv,0,0,5,8.000000e-01
gl,4.550541e-11,2.126271e-19,5,8.000000e-01
nv,0,0,5,8.000000e-01
gl,4.820447e-11,2.518796e-19,5,8.000000e-01
nv,0,0,5,8.000000e-01
gl,4.811880e-11,2.514188e-19,5,8.000000e-01
nv,0,0,5,8.000000e-01
gl,4.820132e-11,2.510524e-19,5,8.000000e-01
nv,0,0,5,8.000000e-01
gl,4.820495e-11,2.506254e-19,5,8.000000e-01
nv,0,0,5,8.000000e-01
gl,4.815541e-11,2.501680e-19,5,8.000000e-01
nv,0,0,5,8.000000e-01
gl,4.813866e-11,2.497305e-19,5,8.000000e-01
nv,0,0,5,8.000000e-01
gl,4.806775e-11,2.492772e-19,5,8.000000e-01
nv,0,0,5,8.000000e-01
gl,4.801127e-11,2.488266e-19,5,8.000000e-01
nv,0,0,5,8.000000e-01
gl,4.813147e-11,2.485413e-19,5,8.000000e-01
nv,0,0,5,8.000000e-01
gl,4.811456e-11,2.481010e-19,5,8.000000e-01
nv,0,0,5,8.000000e-01
gl,4.808272e-11,2.476549e-19,5,8.000000e-01
nv,0,0,5,8.000000e-01
gl,4.805214e-11,2.472104e-19,5,8.000000e-01
nv,0,0,5,8.000000e-01
gl,4.797107e-11,2.467669e-19,5,8.000000e-01
nv,0,0,5,8.000000e-01
gl,4.791998e-11,2.463247e-19,5,8.000000e-01
nv,0,0,5,8.000000e-01
gl,4.785736e-11,2.458839e-19,5,8.000000e-01
nv,0,0,5,8.000000e-01
gl,4.780848e-11,2.454441e-19,5,8.000000e-01
nv,0,0,5,8.000000e-01
gl,4.773492e-11,2.450067e-19,5,8.000000e-01
nv,0,0,5,8.000000e-01
gl,4.766779e-11,2.445708e-19,5,8.000000e-01
nv,0,0,5,8.000000e-01
gl,4.764250e-11,2.441392e-19,5,8.000000e-01
nv,0,0,5,8.000000e-01
gl,4.758366e-11,2.437061e-19,5,8.000000e-01
nv,0,0,5,8.000000e-01
gl,4.755821e-11,2.432811e-19,5,8.000000e-01
nv,0,0,5,8.000000e-01
gl,4.760737e-11,2.429043e-19,5,8.000000e-01
nv,0,0,5,8.000000e-01
gl,4.770515e-11,2.426216e-19,5,8.000000e-01
nv,0,0,5,8.000000e-01
gl,4.765416e-11,2.421938e-19,5,8.000000e-01
nv,0,0,5,8.000000e-01
gl,4.757497e-11,2.417687e-19,5,8.000000e-01
nv,0,0,5,8.000000e-01
gl,4.752156e-11,2.413435e-19,5,8.000000e-01
nv,0,0,5,8.000000e-01
gl,4.744290e-11,2.409213e-19,5,8.000000e-01
nv,0,0,5,8.000000e-01
gl,4.742787e-11,2.405183e-19,5,8.000000e-01
nv,0,0,5,8.000000e-01
gl,4.737459e-11,2.400990e-19,5,8.000000e-01
nv,0,0,5,8.000000e-01
gl,4.730523e-11,2.396807e-19,5,8.000000e-01
nv,0,0,5,8.000000e-01
gl,4.722667e-11,2.392644e-19,5,8.000000e-01
nv,0,0,5,8.000000e-01
gl,4.716351e-11,2.388491e-19,5,8.000000e-01
nv,0,0,5,8.000000e-01
gl,4.710644e-11,2.384350e-19,5,8.000000e-01
nv,0,0,5,8.000000e-01
gl,4.703914e-11,2.380223e-19,5,8.000000e-01
nv,0,0,5,8.000000e-01
gl,4.696690e-11,2.376114e-19,5,8.000000e-01
nv,0,0,5,8.000000e-01
gl,4.692022e-11,2.372026e-19,5,8.000000e-01
nv,0,0,5,8.000000e-01
gl,4.685369e-11,2.367943e-19,5,8.000000e-01
nv,0,0,5,8.000000e-01
gl,4.679161e-11,2.363873e-19,5,8.000000e-01
nv,0,0,5,8.000000e-01
gl,4.673804e-11,2.359813e-19,5,8.000000e-01
nv,0,0,5,8.000000e-01
gl,4.668168e-11,2.355769e-19,5,8.000000e-01
nv,0,0,5,8.000000e-01
gl,4.661174e-11,2.351743e-19,5,8.000000e-01
nv,0,0,5,8.000000e-01
gl,4.654436e-11,2.347730e-19,5,8.000000e-01
nv,0,0,5,8.000000e-01
gl,4.649742e-11,2.343765e-19,5,8.000000e-01
nv,0,0,5,8.000000e-01
gl,4.646509e-11,2.339784e-19,5,8.000000e-01
nv,0,0,5,8.000000e-01
gl,4.639404e-11,2.335815e-19,5,8.000000e-01
nv,0,0,5,8.000000e-01
gl,4.635728e-11,2.331888e-19,5,8.000000e-01
nv,0,0,5,8.000000e-01
gl,4.640728e-11,2.328441e-19,5,8.000000e-01
nv,0,0,5,8.000000e-01
gl,4.636148e-11,2.324514e-19,5,8.000000e-01
nv,0,0,5,8.000000e-01
gl,4.634915e-11,2.320705e-19,5,8.000000e-01
nv,0,0,5,8.000000e-01
gl,4.627805e-11,2.316801e-19,5,8.000000e-01
nv,0,0,5,8.000000e-01
gl,4.627643e-11,2.313020e-19,5,8.000000e-01
nv,0,0,5,8.000000e-01
gl,4.622821e-11,2.309155e-19,5,8.000000e-01
nv,0,0,5,8.000000e-01
gl,4.618061e-11,2.305289e-19,5,8.000000e-01
nv,0,0,5,8.000000e-01
gl,4.612524e-11,2.301434e-19,5,8.000000e-01
nv,0,0,5,8.000000e-01
gl,4.606640e-11,2.297588e-19,5,8.000000e-01
nv,0,0,5,8.000000e-01
gl,4.611403e-11,2.294430e-19,5,8.000000e-01
nv,0,0,5,8.000000e-01
gl,4.609241e-11,2.290667e-19,5,8.000000e-01
nv,0,0,5,8.000000e-01
gl,4.669567e-11,2.309484e-19,5,8.000000e-01
nv,0,0,5,8.000000e-01
gl,4.662741e-11,2.305658e-19,5,8.000000e-01
nv,0,0,5,8.000000e-01
gl,4.656945e-11,2.301842e-19,5,8.000000e-01
nv,0,0,5,8.000000e-01
gl,4.650640e-11,2.298039e-19,5,8.000000e-01
nv,0,0,5,8.000000e-01
gl,4.658187e-11,2.295286e-19,5,8.000000e-01
nv,0,0,5,8.000000e-01
gl,4.651410e-11,2.291510e-19,5,8.000000e-01
nv,0,0,5,8.000000e-01
gl,4.645051e-11,2.287742e-19,5,8.000000e-01
nv,0,0,5,8.000000e-01
gl,4.638988e-11,2.283988e-19,5,8.000000e-01
nv,0,0,5,8.000000e-01
gl,4.632839e-11,2.280242e-19,5,8.000000e-01
nv,0,0,5,8.000000e-01
gl,4.628400e-11,2.276510e-19,5,8.000000e-01
nv,0,0,5,8.000000e-01
gl,4.622996e-11,2.272792e-19,5,8.000000e-01
nv,0,0,5,8.000000e-01
gl,4.623355e-11,2.269138e-19,5,8.000000e-01
nv,0,0,5,8.000000e-01
gl,4.616681e-11,2.265446e-19,5,8.000000e-01
nv,0,0,5,8.000000e-01
gl,4.611014e-11,2.261763e-19,5,8.000000e-01
nv,0,0,5,8.000000e-01
gl,4.605062e-11,2.258090e-19,5,8.000000e-01
nv,0,0,5,8.000000e-01
gl,4.598557e-11,2.254433e-19,5,8.000000e-01
nv,0,0,5,8.000000e-01
gl,4.602005e-11,2.251046e-19,5,8.000000e-01
nv,0,0,5,8.000000e-01
gl,4.603024e-11,2.247458e-19,5,8.000000e-01
nv,0,0,5,8.000000e-01
gl,4.601264e-11,2.243850e-19,5,8.000000e-01
nv,0,0,5,8.000000e-01
gl,4.595327e-11,2.240237e-19,5,8.000000e-01
nv,0,0,5,8.000000e-01
gl,4.589087e-11,2.236639e-19,5,8.000000e-01
nv,0,0,5,8.000000e-01
gl,4.583210e-11,2.233058e-19,5,8.000000e-01
nv,0,0,5,8.000000e-01
gl,4.584880e-11,2.229566e-19,5,8.000000e-01
nv,0,0,5,8.000000e-01
gl,4.585392e-11,2.226314e-19,5,8.000000e-01
nv,0,0,5,8.000000e-01
gl,4.586729e-11,2.223044e-19,5,8.000000e-01
nv,0,0,5,8.000000e-01
gl,4.582328e-11,2.219499e-19,5,8.000000e-01
nv,0,0,5,8.000000e-01
gl,4.579196e-11,2.215996e-19,5,8.000000e-01
nv,0,0,5,8.000000e-01
gl,4.584551e-11,2.213235e-19,5,8.000000e-01
nv,0,0,5,8.000000e-01
gl,4.577613e-11,2.209730e-19,5,8.000000e-01
nv,0,0,5,8.000000e-01
gl,4.583958e-11,2.206988e-19,5,8.000000e-01
nv,0,0,5,8.000000e-01
gl,4.577676e-11,2.203499e-19,5,8.000000e-01
nv,0,0,5,8.000000e-01
gl,4.580715e-11,2.200276e-19,5,8.000000e-01
nv,0,0,5,8.000000e-01
gl,4.576635e-11,2.196824e-19,5,8.000000e-01
nv,0,0,5,8.000000e-01
gl,4.595192e-11,2.196317e-19,5,8.000000e-01
nv,0,0,5,8.000000e-01
gl,4.589218e-11,2.192872e-19,5,8.000000e-01
nv,0,0,5,8.000000e-01
gl,4.582867e-11,2.189433e-19,5,8.000000e-01
nv,0,0,5,8.000000e-01
gl,4.576623e-11,2.186006e-19,5,8.000000e-01
nv,0,0,5,8.000000e-01
gl,4.570965e-11,2.182591e-19,5,8.000000e-01
nv,0,0,5,8.000000e-01
gl,4.576443e-11,2.179861e-19,5,8.000000e-01
nv,0,0,5,8.000000e-01
gl,4.570911e-11,2.176465e-19,5,8.000000e-01
nv,0,0,5,8.000000e-01
gl,4.564195e-11,2.173083e-19,5,8.000000e-01
nv,0,0,5,8.000000e-01
gl,4.558446e-11,2.169704e-19,5,8.000000e-01
nv,0,0,5,8.000000e-01
gl,4.553460e-11,2.166336e-19,5,8.000000e-01
nv,0,0,5,8.000000e-01
gl,4.547553e-11,2.162983e-19,5,8.000000e-01
nv,0,0,5,8.000000e-01
gl,4.545947e-11,2.159752e-19,5,8.000000e-01
nv,0,0,5,8.000000e-01
gl,4.540452e-11,2.156419e-19,5,8.000000e-01
nv,0,0,5,8.000000e-01
gl,4.571077e-11,2.158254e-19,5,8.000000e-01
nv,0,0,5,8.000000e-01
gl,4.571476e-11,2.155010e-19,5,8.000000e-01
nv,0,0,5,8.000000e-01
gl,4.565353e-11,2.151700e-19,5,8.000000e-01
nv,0,0,5,8.000000e-01
gl,4.580631e-11,2.151061e-19,5,8.000000e-01
nv,0,0,5,8.000000e-01
gl,4.575471e-11,2.147761e-19,5,8.000000e-01
nv,0,0,5,8.000000e-01
gl,4.573704e-11,2.144535e-19,5,8.000000e-01
nv,0,0,5,8.000000e-01
gl,4.569347e-11,2.141257e-19,5,8.000000e-01
nv,0,0,5,8.000000e-01
gl,4.562827e-11,2.137995e-19,5,8.000000e-01
nv,0,0,5,8.000000e-01
gl,4.557982e-11,2.134735e-19,5,8.000000e-01
nv,0,0,5,8.000000e-01
gl,4.551845e-11,2.131494e-19,5,8.000000e-01
nv,0,0,5,8.000000e-01
gl,4.545859e-11,2.128260e-19,5,8.000000e-01
nv,0,0,5,8.000000e-01
gl,4.541296e-11,2.125032e-19,5,8.000000e-01
nv,0,0,5,8.000000e-01
gl,4.536229e-11,2.121814e-19,5,8.000000e-01
nv,0,0,5,8.000000e-01
gl,4.571340e-11,2.126635e-19,5,8.000000e-01
nv,0,0,5,8.000000e-01
gl,4.568050e-11,2.123434e-19,5,8.000000e-01
nv,0,0,5,8.000000e-01
gl,4.561853e-11,2.120238e-19,5,8.000000e-01
nv,0,0,5,8.000000e-01
gl,4.579426e-11,2.119024e-19,5,8.000000e-01
nv,0,0,5,8.000000e-01
gl,4.596113e-11,2.116822e-19,5,8.000000e-01
nv,0,0,5,8.000000e-01
gl,4.599780e-11,2.114103e-19,5,8.000000e-01
nv,0,0,5,8.000000e-01
gl,4.610265e-11,2.112012e-19,5,8.000000e-01
nv,0,0,5,8.000000e-01
gl,4.646496e-11,2.118371e-19,5,8.000000e-01
nv,0,0,5,8.000000e-01
gl,4.641852e-11,2.115209e-19,5,8.000000e-01
nv,0,0,5,8.000000e-01
gl,4.659177e-11,2.115600e-19,5,8.000000e-01
nv,0,0,5,8.000000e-01
gl,4.657573e-11,2.112484e-19,5,8.000000e-01
nv,0,0,5,8.000000e-01
gl,4.651579e-11,2.109346e-19,5,8.000000e-01
nv,0,0,5,8.000000e-01
gl,4.644860e-11,2.106223e-19,5,8.000000e-01
nv,0,0,5,8.000000e-01
gl,4.639373e-11,2.103101e-19,5,8.000000e-01
nv,0,0,5,8.000000e-01
gl,4.638453e-11,2.100064e-19,5,8.000000e-01
nv,0,0,5,8.000000e-01
gl,4.643222e-11,2.097259e-19,5,8.000000e-01
nv,0,0,5,8.000000e-01
gl,4.637196e-11,2.094169e-19,5,8.000000e-01
nv,0,0,5,8.000000e-01
gl,4.642264e-11,2.091224e-19,5,8.000000e-01
nv,0,0,5,8.000000e-01
gl,4.637300e-11,2.088156e-19,5,8.000000e-01
nv,0,0,5,8.000000e-01
gl,4.632996e-11,2.085093e-19,5,8.000000e-01
nv,0,0,5,8.000000e-01
gl,4.626202e-11,2.082044e-19,5,8.000000e-01
nv,0,0,5,8.000000e-01
gl,4.619624e-11,2.079002e-19,5,8.000000e-01
nv,0,0,5,8.000000e-01
gl,4.619851e-11,2.076059e-19,5,8.000000e-01
nv,0,0,5,8.000000e-01
gl,4.619179e-11,2.073155e-19,5,8.000000e-01
nv,0,0,5,8.000000e-01
gl,4.615815e-11,2.070143e-19,5,8.000000e-01
nv,0,0,5,8.000000e-01
gl,4.610122e-11,2.067132e-19,5,8.000000e-01
nv,0,0,5,8.000000e-01
gl,4.606311e-11,2.064148e-19,5,8.000000e-01
nv,0,0,5,8.000000e-01
gl,4.600203e-11,2.061155e-19,5,8.000000e-01
nv,0,0,5,8.000000e-01
gl,4.601788e-11,2.058366e-19,5,8.000000e-01
nv,0,0,5,8.000000e-01
gl,4.596610e-11,2.055387e-19,5,8.000000e-01
nv,0,0,5,8.000000e-01
gl,4.591830e-11,2.052413e-19,5,8.000000e-01
nv,0,0,5,8.000000e-01
gl,4.585626e-11,2.049457e-19,5,8.000000e-01
nv,0,0,5,8.000000e-01
gl,4.580664e-11,2.046507e-19,5,8.000000e-01
nv,0,0,5,8.000000e-01
gl,4.574167e-11,2.043570e-19,5,8.000000e-01
nv,0,0,5,8.000000e-01
gl,4.570122e-11,2.040627e-19,5,8.000000e-01
nv,0,0,5,8.000000e-01
gl,4.563954e-11,2.037705e-19,5,8.000000e-01
nv,0,0,5,8.000000e-01
gl,4.559961e-11,2.034799e-19,5,8.000000e-01
nv,0,0,5,8.000000e-01
gl,4.554995e-11,2.031894e-19,5,8.000000e-01
nv,0,0,5,8.000000e-01
gl,4.548534e-11,2.028999e-19,5,8.000000e-01
nv,0,0,5,8.000000e-01
gl,4.542673e-11,2.026109e-19,5,8.000000e-01
nv,0,0,5,8.000000e-01
gl,4.554001e-11,2.024424e-19,5,8.000000e-01
nv,0,0,5,8.000000e-01
gl,4.551796e-11,2.021544e-19,5,8.000000e-01
nv,0,0,5,8.000000e-01
gl,4.555805e-11,2.019178e-19,5,8.000000e-01
nv,0,0,5,8.000000e-01
gl,4.552166e-11,2.016320e-19,5,8.000000e-01
nv,0,0,5,8.000000e-01
gl,4.547562e-11,2.013463e-19,5,8.000000e-01
nv,0,0,5,8.000000e-01
gl,4.543313e-11,2.010617e-19,5,8.000000e-01
nv,0,0,5,8.000000e-01
gl,4.542520e-11,2.007835e-19,5,8.000000e-01
nv,0,0,5,8.000000e-01
gl,4.540534e-11,2.005081e-19,5,8.000000e-01
nv,0,0,5,8.000000e-01
gl,4.564231e-11,2.007709e-19,5,8.000000e-01
nv,0,0,5,8.000000e-01
gl,4.559532e-11,2.004882e-19,5,8.000000e-01
nv,0,0,5,8.000000e-01
gl,4.557332e-11,2.002112e-19,5,8.000000e-01
nv,0,0,5,8.000000e-01
gl,4.561162e-11,1.999673e-19,5,8.000000e-01
nv,0,0,5,8.000000e-01
gl,4.558506e-11,1.996894e-19,5,8.000000e-01
nv,0,0,5,8.000000e-01
gl,4.557211e-11,1.994207e-19,5,8.000000e-01
nv,0,0,5,8.000000e-01
gl,4.552650e-11,1.991422e-19,5,8.000000e-01
nv,0,0,5,8.000000e-01
gl,4.546320e-11,1.988653e-19,5,8.000000e-01
nv,0,0,5,8.000000e-01
gl,4.545400e-11,1.985895e-19,5,8.000000e-01
nv,0,0,5,8.000000e-01
gl,4.543098e-11,1.983200e-19,5,8.000000e-01
nv,0,0,5,8.000000e-01
gl,4.538266e-11,1.980448e-19,5,8.000000e-01
nv,0,0,5,8.000000e-01
gl,4.532719e-11,1.977705e-19,5,8.000000e-01
nv,0,0,5,8.000000e-01
gl,4.530080e-11,1.974995e-19,5,8.000000e-01
nv,0,0,5,8.000000e-01
gl,4.524268e-11,1.972268e-19,5,8.000000e-01
nv,0,0,5,8.000000e-01
gl,4.527360e-11,1.969884e-19,5,8.000000e-01
nv,0,0,5,8.000000e-01
gl,4.525609e-11,1.967186e-19,5,8.000000e-01
nv,0,0,5,8.000000e-01
gl,4.524159e-11,1.964512e-19,5,8.000000e-01
nv,0,0,5,8.000000e-01
gl,4.519687e-11,1.961818e-19,5,8.000000e-01
nv,0,0,5,8.000000e-01
gl,4.518661e-11,1.959159e-19,5,8.000000e-01
nv,0,0,5,8.000000e-01
gl,4.518057e-11,1.956529e-19,5,8.000000e-01
nv,0,0,5,8.000000e-01
gl,4.512592e-11,1.953852e-19,5,8.000000e-01
nv,0,0,5,8.000000e-01
gl,4.509155e-11,1.951174e-19,5,8.000000e-01
nv,0,0,5,8.000000e-01
gl,4.504822e-11,1.948514e-19,5,8.000000e-01
nv,0,0,5,8.000000e-01
gl,4.500215e-11,1.945858e-19,5,8.000000e-01
nv,0,0,5,8.000000e-01
gl,4.494670e-11,1.943212e-19,5,8.000000e-01
nv,0,0,5,8.000000e-01
gl,4.494291e-11,1.940588e-19,5,8.000000e-01
nv,0,0,5,8.000000e-01
gl,4.492004e-11,1.937990e-19,5,8.000000e-01
nv,0,0,5,8.000000e-01
gl,4.492784e-11,1.935541e-19,5,8.000000e-01
nv,0,0,5,8.000000e-01
gl,4.487262e-11,1.932923e-19,5,8.000000e-01
nv,0,0,5,8.000000e-01
gl,4.483184e-11,1.930308e-19,5,8.000000e-01
nv,0,0,5,8.000000e-01
gl,4.478870e-11,1.927700e-19,5,8.000000e-01
nv,0,0,5,8.000000e-01
gl,4.487742e-11,1.926612e-19,5,8.000000e-01
nv,0,0,5,8.000000e-01
gl,4.482040e-11,1.924021e-19,5,8.000000e-01
nv,0,0,5,8.000000e-01
gl,4.476805e-11,1.921435e-19,5,8.000000e-01
nv,0,0,5,8.000000e-01
gl,4.471506e-11,1.918857e-19,5,8.000000e-01
nv,0,0,5,8.000000e-01
gl,4.472196e-11,1.916374e-19,5,8.000000e-01
nv,0,0,5,8.000000e-01
gl,4.470594e-11,1.913803e-19,5,8.000000e-01
nv,0,0,5,8.000000e-01
gl,4.470291e-11,1.911381e-19,5,8.000000e-01
nv,0,0,5,8.000000e-01
gl,4.490527e-11,1.912371e-19,5,8.000000e-01
nv,0,0,5,8.000000e-01
gl,4.486647e-11,1.909820e-19,5,8.000000e-01
nv,0,0,5,8.000000e-01
gl,4.484267e-11,1.907275e-19,5,8.000000e-01
nv,0,0,5,8.000000e-01
gl,4.481636e-11,1.904737e-19,5,8.000000e-01
nv,0,0,5,8.000000e-01
gl,4.477010e-11,1.902207e-19,5,8.000000e-01
nv,0,0,5,8.000000e-01
gl,4.472698e-11,1.899689e-19,5,8.000000e-01
nv,0,0,5,8.000000e-01
gl,4.469812e-11,1.897181e-19,5,8.000000e-01
nv,0,0,5,8.000000e-01
gl,4.464479e-11,1.894674e-19,5,8.000000e-01
nv,0,0,5,8.000000e-01
gl,4.460268e-11,1.892171e-19,5,8.000000e-01
nv,0,0,5,8.000000e-01
gl,4.454679e-11,1.889679e-19,5,8.000000e-01
nv,0,0,5,8.000000e-01
gl,4.450222e-11,1.887190e-19,5,8.000000e-01
nv,0,0,5,8.000000e-01
gl,4.447121e-11,1.884713e-19,5,8.000000e-01
nv,0,0,5,8.000000e-01
gl,4.443863e-11,1.882232e-19,5,8.000000e-01
nv,0,0,5,8.000000e-01
gl,4.439167e-11,1.879759e-19,5,8.000000e-01
nv,0,0,5,8.000000e-01
gl,4.438066e-11,1.877370e-19,5,8.000000e-01
nv,0,0,5,8.000000e-01
gl,4.433097e-11,1.874913e-19,5,8.000000e-01
nv,0,0,5,8.000000e-01
gl,4.428338e-11,1.872464e-19,5,8.000000e-01
nv,0,0,5,8.000000e-01
gl,4.425484e-11,1.870020e-19,5,8.000000e-01
nv,0,0,5,8.000000e-01
gl,4.436133e-11,1.869417e-19,5,8.000000e-01
nv,0,0,5,8.000000e-01
gl,4.431176e-11,1.866983e-19,5,8.000000e-01
nv,0,0,5,8.000000e-01
gl,4.440541e-11,1.865794e-19,5,8.000000e-01
nv,0,0,5,8.000000e-01
gl,4.436269e-11,1.863371e-19,5,8.000000e-01
nv,0,0,5,8.000000e-01
gl,4.434832e-11,1.860976e-19,5,8.000000e-01
nv,0,0,5,8.000000e-01
gl,4.438610e-11,1.858741e-19,5,8.000000e-01
nv,0,0,5,8.000000e-01
gl,4.437615e-11,1.856388e-19,5,8.000000e-01
nv,0,0,5,8.000000e-01
gl,4.432673e-11,1.853991e-19,5,8.000000e-01
nv,0,0,5,8.000000e-01
gl,4.431814e-11,1.851641e-19,5,8.000000e-01
nv,0,0,5,8.000000e-01
gl,4.443055e-11,1.850458e-19,5,8.000000e-01
nv,0,0,5,8.000000e-01
gl,4.438655e-11,1.848077e-19,5,8.000000e-01
nv,0,0,5,8.000000e-01
gl,4.434849e-11,1.845701e-19,5,8.000000e-01
nv,0,0,5,8.000000e-01
gl,4.430966e-11,1.843328e-19,5,8.000000e-01
nv,0,0,5,8.000000e-01
gl,4.427208e-11,1.840962e-19,5,8.000000e-01
nv,0,0,5,8.000000e-01
gl,4.422905e-11,1.838602e-19,5,8.000000e-01
nv,0,0,5,8.000000e-01
gl,4.484180e-11,1.868166e-19,5,8.000000e-01
nv,0,0,5,8.000000e-01
gl,4.480517e-11,1.865776e-19,5,8.000000e-01
nv,0,0,5,8.000000e-01
gl,4.479042e-11,1.863498e-19,5,8.000000e-01
nv,0,0,5,8.000000e-01
gl,4.474310e-11,1.861125e-19,5,8.000000e-01
nv,0,0,5,8.000000e-01
gl,4.470097e-11,1.858757e-19,5,8.000000e-01
nv,0,0,5,8.000000e-01
gl,4.464839e-11,1.856399e-19,5,8.000000e-01
nv,0,0,5,8.000000e-01
gl,4.462435e-11,1.854071e-19,5,8.000000e-01
nv,0,0,5,8.000000e-01
gl,4.457222e-11,1.851725e-19,5,8.000000e-01
nv,0,0,5,8.000000e-01
gl,4.453444e-11,1.849377e-19,5,8.000000e-01
nv,0,0,5,8.000000e-01
gl,4.448920e-11,1.847039e-19,5,8.000000e-01
nv,0,0,5,8.000000e-01
gl,4.444054e-11,1.844708e-19,5,8.000000e-01
nv,0,0,5,8.000000e-01
gl,4.450344e-11,1.843345e-19,5,8.000000e-01
nv,0,0,5,8.000000e-01
gl,4.447665e-11,1.841033e-19,5,8.000000e-01
nv,0,0,5,8.000000e-01
gl,4.450125e-11,1.838830e-19,5,8.000000e-01
nv,0,0,5,8.000000e-01
gl,4.446357e-11,1.836516e-19,5,8.000000e-01
nv,0,0,5,8.000000e-01
gl,4.441184e-11,1.834216e-19,5,8.000000e-01
nv,0,0,5,8.000000e-01
gl,4.450974e-11,1.833581e-19,5,8.000000e-01
nv,0,0,5,8.000000e-01
gl,4.448241e-11,1.831280e-19,5,8.000000e-01
nv,0,0,5,8.000000e-01
gl,4.448427e-11,1.829115e-19,5,8.000000e-01
nv,0,0,5,8.000000e-01
gl,4.446070e-11,1.826831e-19,5,8.000000e-01
nv,0,0,5,8.000000e-01
gl,4.441677e-11,1.824554e-19,5,8.000000e-01
nv,0,0,5,8.000000e-01
gl,4.444409e-11,1.822563e-19,5,8.000000e-01
nv,0,0,5,8.000000e-01
gl,4.440644e-11,1.820309e-19,5,8.000000e-01
nv,0,0,5,8.000000e-01
gl,4.442017e-11,1.818269e-19,5,8.000000e-01
nv,0,0,5,8.000000e-01
gl,4.438054e-11,1.816016e-19,5,8.000000e-01
nv,0,0,5,8.000000e-01
gl,4.434307e-11,1.813765e-19,5,8.000000e-01
nv,0,0,5,8.000000e-01
gl,4.444470e-11,1.813095e-19,5,8.000000e-01
nv,0,0,5,8.000000e-01
gl,4.439199e-11,1.810860e-19,5,8.000000e-01
nv,0,0,5,8.000000e-01
gl,4.435535e-11,1.808624e-19,5,8.000000e-01
nv,0,0,5,8.000000e-01
gl,4.431312e-11,1.806393e-19,5,8.000000e-01
nv,0,0,5,8.000000e-01
gl,4.429583e-11,1.804189e-19,5,8.000000e-01
nv,0,0,5,8.000000e-01
gl,4.427454e-11,1.802008e-19,5,8.000000e-01
nv,0,0,5,8.000000e-01
gl,4.422390e-11,1.799799e-19,5,8.000000e-01
nv,0,0,5,8.000000e-01
gl,4.426434e-11,1.797905e-19,5,8.000000e-01
nv,0,0,5,8.000000e-01
gl,4.425839e-11,1.795758e-19,5,8.000000e-01
nv,0,0,5,8.000000e-01
gl,4.430916e-11,1.794244e-19,5,8.000000e-01
nv,0,0,5,8.000000e-01
gl,4.428490e-11,1.792055e-19,5,8.000000e-01
nv,0,0,5,8.000000e-01
gl,4.424949e-11,1.789871e-19,5,8.000000e-01
nv,0,0,5,8.000000e-01
gl,4.422146e-11,1.787687e-19,5,8.000000e-01
nv,0,0,5,8.000000e-01
gl,4.423240e-11,1.785617e-19,5,8.000000e-01
nv,0,0,5,8.000000e-01
gl,4.419105e-11,1.783445e-19,5,8.000000e-01
nv,0,0,5,8.000000e-01
gl,4.414898e-11,1.781279e-19,5,8.000000e-01
nv,0,0,5,8.000000e-01
gl,4.411147e-11,1.779123e-19,5,8.000000e-01
nv,0,0,5,8.000000e-01
gl,4.406366e-11,1.776970e-19,5,8.000000e-01
nv,0,0,5,8.000000e-01
gl,4.406160e-11,1.774866e-19,5,8.000000e-01
nv,0,0,5,8.000000e-01
gl,4.428926e-11,1.775566e-19,5,8.000000e-01
nv,0,0,5,8.000000e-01
gl,4.425136e-11,1.773421e-19,5,8.000000e-01
nv,0,0,5,8.000000e-01
gl,4.422327e-11,1.771299e-19,5,8.000000e-01
nv,0,0,5,8.000000e-01
gl,4.470247e-11,1.791423e-19,5,8.000000e-01
nv,0,0,5,8.000000e-01
gl,4.465709e-11,1.789271e-19,5,8.000000e-01
nv,0,0,5,8.000000e-01
gl,4.462424e-11,1.787130e-19,5,8.000000e-01
nv,0,0,5,8.000000e-01
gl,4.459475e-11,1.785007e-19,5,8.000000e-01
nv,0,0,5,8.000000e-01
gl,4.454474e-11,1.782873e-19,5,8.000000e-01
nv,0,0,5,8.000000e-01
gl,4.452613e-11,1.780740e-19,5,8.000000e-01
nv,0,0,5,8.000000e-01
gl,4.448224e-11,1.778612e-19,5,8.000000e-01
nv,0,0,5,8.000000e-01
gl,4.443440e-11,1.776490e-19,5,8.000000e-01
nv,0,0,5,8.000000e-01
gl,4.441137e-11,1.774372e-19,5,8.000000e-01
nv,0,0,5,8.000000e-01
gl,4.439150e-11,1.772289e-19,5,8.000000e-01
nv,0,0,5,8.000000e-01
gl,4.444190e-11,1.770739e-19,5,8.000000e-01
nv,0,0,5,8.000000e-01
gl,4.442028e-11,1.768666e-19,5,8.000000e-01
nv,0,0,5,8.000000e-01
gl,4.437926e-11,1.766567e-19,5,8.000000e-01
nv,0,0,5,8.000000e-01
gl,4.433243e-11,1.764477e-19,5,8.000000e-01
nv,0,0,5,8.000000e-01
gl,4.432684e-11,1.762440e-19,5,8.000000e-01
nv,0,0,5,8.000000e-01
gl,4.433023e-11,1.760386e-19,5,8.000000e-01
nv,0,0,5,8.000000e-01
gl,4.428930e-11,1.758307e-19,5,8.000000e-01
nv,0,0,5,8.000000e-01
gl,4.423959e-11,1.756237e-19,5,8.000000e-01
nv,0,0,5,8.000000e-01
gl,4.421978e-11,1.754174e-19,5,8.000000e-01
nv,0,0,5,8.000000e-01
gl,4.418370e-11,1.752113e-19,5,8.000000e-01
nv,0,0,5,8.000000e-01
gl,4.418812e-11,1.750109e-19,5,8.000000e-01
nv,0,0,5,8.000000e-01
gl,4.414246e-11,1.748056e-19,5,8.000000e-01
nv,0,0,5,8.000000e-01
gl,4.413864e-11,1.746124e-19,5,8.000000e-01
nv,0,0,5,8.000000e-01
gl,4.409797e-11,1.744078e-19,5,8.000000e-01
nv,0,0,5,8.000000e-01
gl,4.404873e-11,1.742042e-19,5,8.000000e-01
nv,0,0,5,8.000000e-01
gl,4.400070e-11,1.740010e-19,5,8.000000e-01
nv,0,0,5,8.000000e-01
gl,4.409362e-11,1.738789e-19,5,8.000000e-01
nv,0,0,5,8.000000e-01
gl,4.405010e-11,1.736764e-19,5,8.000000e-01
nv,0,0,5,8.000000e-01
gl,4.403358e-11,1.734788e-19,5,8.000000e-01
nv,0,0,5,8.000000e-01
gl,4.403739e-11,1.732823e-19,5,8.000000e-01
nv,0,0,5,8.000000e-01
gl,4.410033e-11,1.731714e-19,5,8.000000e-01
nv,0,0,5,8.000000e-01
gl,4.407360e-11,1.729703e-19,5,8.000000e-01
nv,0,0,5,8.000000e-01
gl,4.405837e-11,1.727702e-19,5,8.000000e-01
nv,0,0,5,8.000000e-01
gl,4.408158e-11,1.725858e-19,5,8.000000e-01
nv,0,0,5,8.000000e-01
gl,4.405871e-11,1.723872e-19,5,8.000000e-01
nv,0,0,5,8.000000e-01
gl,4.407479e-11,1.722168e-19,5,8.000000e-01
nv,0,0,5,8.000000e-01
gl,4.404072e-11,1.720180e-19,5,8.000000e-01
nv,0,0,5,8.000000e-01
gl,4.403918e-11,1.718302e-19,5,8.000000e-01
nv,0,0,5,8.000000e-01
gl,4.400331e-11,1.716322e-19,5,8.000000e-01
nv,0,0,5,8.000000e-01
gl,4.397239e-11,1.714364e-19,5,8.000000e-01
nv,0,0,5,8.000000e-01
gl,4.393083e-11,1.712398e-19,5,8.000000e-01
nv,0,0,5,8.000000e-01
gl,4.389145e-11,1.710434e-19,5,8.000000e-01
nv,0,0,5,8.000000e-01
gl,4.390682e-11,1.708570e-19,5,8.000000e-01
nv,0,0,5,8.000000e-01
gl,4.386010e-11,1.706618e-19,5,8.000000e-01
nv,0,0,5,8.000000e-01
gl,4.381418e-11,1.704671e-19,5,8.000000e-01
nv,0,0,5,8.000000e-01
gl,4.376879e-11,1.702727e-19,5,8.000000e-01
nv,0,0,5,8.000000e-01
gl,4.373946e-11,1.700785e-19,5,8.000000e-01
nv,0,0,5,8.000000e-01
gl,4.377870e-11,1.699237e-19,5,8.000000e-01
nv,0,0,5,8.000000e-01
gl,4.374856e-11,1.697308e-19,5,8.000000e-01
nv,0,0,5,8.000000e-01
gl,4.370974e-11,1.695380e-19,5,8.000000e-01
nv,0,0,5,8.000000e-01
gl,4.379927e-11,1.694162e-19,5,8.000000e-01
nv,0,0,5,8.000000e-01
gl,4.378683e-11,1.692330e-19,5,8.000000e-01
nv,0,0,5,8.000000e-01
gl,4.374188e-11,1.690416e-19,5,8.000000e-01
nv,0,0,5,8.000000e-01
gl,4.369614e-11,1.688507e-19,5,8.000000e-01
nv,0,0,5,8.000000e-01
gl,4.366107e-11,1.686600e-19,5,8.000000e-01
nv,0,0,5,8.000000e-01
gl,4.362332e-11,1.684697e-19,5,8.000000e-01
nv,0,0,5,8.000000e-01
gl,4.358567e-11,1.682798e-19,5,8.000000e-01
nv,0,0,5,8.000000e-01
gl,4.354295e-11,1.680905e-19,5,8.000000e-01
nv,0,0,5,8.000000e-01
gl,4.351030e-11,1.679015e-19,5,8.000000e-01
nv,0,0,5,8.000000e-01
gl,4.348337e-11,1.677127e-19,5,8.000000e-01
nv,0,0,5,8.000000e-01
gl,4.344430e-11,1.675247e-19,5,8.000000e-01
nv,0,0,5,8.000000e-01
gl,4.343563e-11,1.673434e-19,5,8.000000e-01
nv,0,0,5,8.000000e-01
gl,4.341962e-11,1.671605e-19,5,8.000000e-01
nv,0,0,5,8.000000e-01
gl,4.337948e-11,1.669736e-19,5,8.000000e-01
nv,0,0,5,8.000000e-01
gl,4.334255e-11,1.667869e-19,5,8.000000e-01
nv,0,0,5,8.000000e-01
gl,4.330382e-11,1.666007e-19,5,8.000000e-01
nv,0,0,5,8.000000e-01
gl,4.335435e-11,1.664472e-19,5,8.000000e-01
nv,0,0,5,8.000000e-01
gl,4.332115e-11,1.662619e-19,5,8.000000e-01
nv,0,0,5,8.000000e-01
gl,4.328340e-11,1.660772e-19,5,8.000000e-01
nv,0,0,5,8.000000e-01
gl,4.330795e-11,1.659302e-19,5,8.000000e-01
nv,0,0,5,8.000000e-01
gl,4.335499e-11,1.658085e-19,5,8.000000e-01
nv,0,0,5,8.000000e-01
gl,4.331510e-11,1.656248e-19,5,8.000000e-01
nv,0,0,5,8.000000e-01
gl,4.328137e-11,1.654415e-19,5,8.000000e-01
nv,0,0,5,8.000000e-01
gl,4.324301e-11,1.652585e-19,5,8.000000e-01
nv,0,0,5,8.000000e-01
gl,4.326243e-11,1.651007e-19,5,8.000000e-01
nv,0,0,5,8.000000e-01
gl,4.353030e-11,1.657559e-19,5,8.000000e-01
nv,0,0,5,8.000000e-01
gl,4.353443e-11,1.655794e-19,5,8.000000e-01
nv,0,0,5,8.000000e-01
gl,4.364008e-11,1.655479e-19,5,8.000000e-01
nv,0,0,5,8.000000e-01
gl,4.360010e-11,1.653659e-19,5,8.000000e-01
nv,0,0,5,8.000000e-01
gl,4.358242e-11,1.651872e-19,5,8.000000e-01
nv,0,0,5,8.000000e-01
gl,4.356163e-11,1.650102e-19,5,8.000000e-01
nv,0,0,5,8.000000e-01
gl,4.367823e-11,1.649871e-19,5,8.000000e-01
nv,0,0,5,8.000000e-01
gl,4.363444e-11,1.648068e-19,5,8.000000e-01
nv,0,0,5,8.000000e-01
gl,4.359332e-11,1.646268e-19,5,8.000000e-01
nv,0,0,5,8.000000e-01
gl,4.354644e-11,1.644475e-19,5,8.000000e-01
nv,0,0,5,8.000000e-01
gl,4.351762e-11,1.642696e-19,5,8.000000e-01
nv,0,0,5,8.000000e-01
gl,4.350300e-11,1.640912e-19,5,8.000000e-01
nv,0,0,5,8.000000e-01
gl,4.347735e-11,1.639121e-19,5,8.000000e-01
nv,0,0,5,8.000000e-01
gl,4.343538e-11,1.637340e-19,5,8.000000e-01
nv,0,0,5,8.000000e-01
gl,4.340430e-11,1.635563e-19,5,8.000000e-01
nv,0,0,5,8.000000e-01
gl,4.337177e-11,1.633790e-19,5,8.000000e-01
nv,0,0,5,8.000000e-01
gl,4.333813e-11,1.632021e-19,5,8.000000e-01
nv,0,0,5,8.000000e-01
gl,4.330660e-11,1.630256e-19,5,8.000000e-01
nv,0,0,5,8.000000e-01
gl,4.327066e-11,1.628492e-19,5,8.000000e-01
nv,0,0,5,8.000000e-01
gl,4.339720e-11,1.628888e-19,5,8.000000e-01
nv,0,0,5,8.000000e-01
gl,4.336001e-11,1.627129e-19,5,8.000000e-01
nv,0,0,5,8.000000e-01
gl,4.331951e-11,1.625376e-19,5,8.000000e-01
nv,0,0,5,8.000000e-01
gl,4.329002e-11,1.623624e-19,5,8.000000e-01
nv,0,0,5,8.000000e-01
gl,4.326688e-11,1.621876e-19,5,8.000000e-01
nv,0,0,5,8.000000e-01
gl,4.322850e-11,1.620133e-19,5,8.000000e-01
nv,0,0,5,8.000000e-01
gl,4.319201e-11,1.618395e-19,5,8.000000e-01
nv,0,0,5,8.000000e-01
gl,4.316056e-11,1.616665e-19,5,8.000000e-01
nv,0,0,5,8.000000e-01
gl,4.313136e-11,1.614930e-19,5,8.000000e-01
nv,0,0,5,8.000000e-01
gl,4.310681e-11,1.613204e-19,5,8.000000e-01
nv,0,0,5,8.000000e-01
gl,4.306519e-11,1.611482e-19,5,8.000000e-01
nv,0,0,5,8.000000e-01
gl,4.305374e-11,1.609796e-19,5,8.000000e-01
nv,0,0,5,8.000000e-01
gl,4.301367e-11,1.608081e-19,5,8.000000e-01
nv,0,0,5,8.000000e-01
gl,4.326585e-11,1.614339e-19,5,8.000000e-01
nv,0,0,5,8.000000e-01
gl,4.327957e-11,1.612861e-19,5,8.000000e-01
nv,0,0,5,8.000000e-01
gl,4.323490e-11,1.611151e-19,5,8.000000e-01
nv,0,0,5,8.000000e-01
gl,4.318976e-11,1.609445e-19,5,8.000000e-01
nv,0,0,5,8.000000e-01
gl,4.314776e-11,1.607740e-19,5,8.000000e-01
nv,0,0,5,8.000000e-01
gl,4.312788e-11,1.606033e-19,5,8.000000e-01
nv,0,0,5,8.000000e-01
gl,4.309310e-11,1.604333e-19,5,8.000000e-01
nv,0,0,5,8.000000e-01
gl,4.346020e-11,1.618116e-19,5,8.000000e-01
nv,0,0,5,8.000000e-01
gl,4.342442e-11,1.616407e-19,5,8.000000e-01
nv,0,0,5,8.000000e-01
gl,4.342321e-11,1.614710e-19,5,8.000000e-01
nv,0,0,5,8.000000e-01
gl,4.338449e-11,1.613010e-19,5,8.000000e-01
nv,0,0,5,8.000000e-01
gl,4.335021e-11,1.611311e-19,5,8.000000e-01
nv,0,0,5,8.000000e-01
gl,4.333462e-11,1.609650e-19,5,8.000000e-01
nv,0,0,5,8.000000e-01
gl,4.329231e-11,1.607962e-19,5,8.000000e-01
nv,0,0,5,8.000000e-01
gl,4.326324e-11,1.606271e-19,5,8.000000e-01
nv,0,0,5,8.000000e-01
gl,4.326530e-11,1.604640e-19,5,8.000000e-01
nv,0,0,5,8.000000e-01
gl,4.326909e-11,1.603068e-19,5,8.000000e-01
nv,0,0,5,8.000000e-01
gl,4.324528e-11,1.601409e-19,5,8.000000e-01
nv,0,0,5,8.000000e-01
gl,4.326744e-11,1.599909e-19,5,8.000000e-01
nv,0,0,5,8.000000e-01
gl,4.324931e-11,1.598245e-19,5,8.000000e-01
nv,0,0,5,8.000000e-01
gl,4.321768e-11,1.596581e-19,5,8.000000e-01
nv,0,0,5,8.000000e-01
gl,4.320408e-11,1.594979e-19,5,8.000000e-01
nv,0,0,5,8.000000e-01
gl,4.316189e-11,1.593322e-19,5,8.000000e-01
nv,0,0,5,8.000000e-01
gl,4.312432e-11,1.591669e-19,5,8.000000e-01
nv,0,0,5,8.000000e-01
gl,4.311304e-11,1.590035e-19,5,8.000000e-01
nv,0,0,5,8.000000e-01
gl,4.308335e-11,1.588386e-19,5,8.000000e-01
nv,0,0,5,8.000000e-01
gl,4.305688e-11,1.586737e-19,5,8.000000e-01
nv,0,0,5,8.000000e-01
gl,4.303284e-11,1.585114e-19,5,8.000000e-01
nv,0,0,5,8.000000e-01
gl,4.326306e-11,1.590095e-19,5,8.000000e-01
nv,0,0,5,8.000000e-01
gl,4.322386e-11,1.588454e-19,5,8.000000e-01
nv,0,0,5,8.000000e-01
gl,4.318981e-11,1.586815e-19,5,8.000000e-01
nv,0,0,5,8.000000e-01
gl,4.316471e-11,1.585182e-19,5,8.000000e-01
nv,0,0,5,8.000000e-01
gl,4.315553e-11,1.583609e-19,5,8.000000e-01
nv,0,0,5,8.000000e-01
gl,4.316537e-11,1.582186e-19,5,8.000000e-01
nv,0,0,5,8.000000e-01
gl,4.313224e-11,1.580561e-19,5,8.000000e-01
nv,0,0,5,8.000000e-01
gl,4.312376e-11,1.578977e-19,5,8.000000e-01
nv,0,0,5,8.000000e-01
gl,4.308902e-11,1.577358e-19,5,8.000000e-01
nv,0,0,5,8.000000e-01
gl,4.339979e-11,1.587236e-19,5,8.000000e-01
nv,0,0,5,8.000000e-01
gl,4.336933e-11,1.585613e-19,5,8.000000e-01
nv,0,0,5,8.000000e-01
gl,4.332873e-11,1.583995e-19,5,8.000000e-01
nv,0,0,5,8.000000e-01
gl,4.328954e-11,1.582379e-19,5,8.000000e-01
nv,0,0,5,8.000000e-01
gl,4.325345e-11,1.580764e-19,5,8.000000e-01
nv,0,0,5,8.000000e-01
gl,4.321689e-11,1.579153e-19,5,8.000000e-01
nv,0,0,5,8.000000e-01
gl,4.319039e-11,1.577544e-19,5,8.000000e-01
nv,0,0,5,8.000000e-01
gl,4.316029e-11,1.575943e-19,5,8.000000e-01
nv,0,0,5,8.000000e-01
gl,4.317746e-11,1.574473e-19,5,8.000000e-01
nv,0,0,5,8.000000e-01
gl,4.313997e-11,1.572876e-19,5,8.000000e-01
nv,0,0,5,8.000000e-01
gl,4.310664e-11,1.571281e-19,5,8.000000e-01
nv,0,0,5,8.000000e-01
gl,4.306922e-11,1.569690e-19,5,8.000000e-01
nv,0,0,5,8.000000e-01
gl,4.311466e-11,1.568416e-19,5,8.000000e-01
nv,0,0,5,8.000000e-01
gl,4.309789e-11,1.566871e-19,5,8.000000e-01
nv,0,0,5,8.000000e-01
gl,4.309332e-11,1.565377e-19,5,8.000000e-01
nv,0,0,5,8.000000e-01
gl,4.306415e-11,1.563796e-19,5,8.000000e-01
nv,0,0,5,8.000000e-01
gl,4.304264e-11,1.562226e-19,5,8.000000e-01
nv,0,0,5,8.000000e-01
gl,4.300878e-11,1.560654e-19,5,8.000000e-01
nv,0,0,5,8.000000e-01
gl,4.296834e-11,1.559088e-19,5,8.000000e-01
nv,0,0,5,8.000000e-01
gl,4.295194e-11,1.557530e-19,5,8.000000e-01
nv,0,0,5,8.000000e-01
gl,4.291659e-11,1.555969e-19,5,8.000000e-01
nv,0,0,5,8.000000e-01
gl,4.288698e-11,1.554413e-19,5,8.000000e-01
nv,0,0,5,8.000000e-01
gl,4.327903e-11,1.568709e-19,5,8.000000e-01
nv,0,0,5,8.000000e-01
gl,4.327865e-11,1.567218e-19,5,8.000000e-01
nv,0,0,5,8.000000e-01
gl,4.333188e-11,1.566428e-19,5,8.000000e-01
nv,0,0,5,8.000000e-01
gl,4.332063e-11,1.564897e-19,5,8.000000e-01
nv,0,0,5,8.000000e-01
gl,4.329291e-11,1.563335e-19,5,8.000000e-01
nv,0,0,5,8.000000e-01
gl,4.325351e-11,1.561779e-19,5,8.000000e-01
nv,0,0,5,8.000000e-01
gl,4.326345e-11,1.560251e-19,5,8.000000e-01
nv,0,0,5,8.000000e-01
gl,4.323235e-11,1.558703e-19,5,8.000000e-01
nv,0,0,5,8.000000e-01
gl,4.329651e-11,1.557852e-19,5,8.000000e-01
nv,0,0,5,8.000000e-01
gl,4.326446e-11,1.556305e-19,5,8.000000e-01
nv,0,0,5,8.000000e-01
gl,4.322693e-11,1.554764e-19,5,8.000000e-01
nv,0,0,5,8.000000e-01
gl,4.321477e-11,1.553296e-19,5,8.000000e-01
nv,0,0,5,8.000000e-01
gl,4.318197e-11,1.551762e-19,5,8.000000e-01
nv,0,0,5,8.000000e-01
gl,4.315027e-11,1.550228e-19,5,8.000000e-01
nv,0,0,5,8.000000e-01
gl,4.311548e-11,1.548697e-19,5,8.000000e-01
nv,0,0,5,8.000000e-01
gl,4.308890e-11,1.547172e-19,5,8.000000e-01
nv,0,0,5,8.000000e-01
gl,4.306035e-11,1.545654e-19,5,8.000000e-01
nv,0,0,5,8.000000e-01
gl,4.303703e-11,1.544138e-19,5,8.000000e-01
nv,0,0,5,8.000000e-01
gl,4.304333e-11,1.542674e-19,5,8.000000e-01
nv,0,0,5,8.000000e-01
gl,4.305084e-11,1.541224e-19,5,8.000000e-01
nv,0,0,5,8.000000e-01
gl,4.303135e-11,1.539720e-19,5,8.000000e-01
nv,0,0,5,8.000000e-01
gl,4.300318e-11,1.538215e-19,5,8.000000e-01
nv,0,0,5,8.000000e-01
gl,4.301127e-11,1.536791e-19,5,8.000000e-01
nv,0,0,5,8.000000e-01
gl,4.297671e-11,1.535287e-19,5,8.000000e-01
nv,0,0,5,8.000000e-01
gl,4.294777e-11,1.533785e-19,5,8.000000e-01
nv,0,0,5,8.000000e-01
gl,4.291383e-11,1.532287e-19,5,8.000000e-01
nv,0,0,5,8.000000e-01
gl,4.289689e-11,1.530818e-19,5,8.000000e-01
nv,0,0,5,8.000000e-01
gl,4.291046e-11,1.529516e-19,5,8.000000e-01
nv,0,0,5,8.000000e-01
gl,4.290511e-11,1.528053e-19,5,8.000000e-01
nv,0,0,5,8.000000e-01
gl,4.288978e-11,1.526570e-19,5,8.000000e-01
nv,0,0,5,8.000000e-01
gl,4.285184e-11,1.525088e-19,5,8.000000e-01
nv,0,0,5,8.000000e-01
gl,4.283450e-11,1.523608e-19,5,8.000000e-01
nv,0,0,5,8.000000e-01
gl,4.287221e-11,1.522363e-19,5,8.000000e-01
nv,0,0,5,8.000000e-01
gl,4.284578e-11,1.520894e-19,5,8.000000e-01
nv,0,0,5,8.000000e-01
gl,4.281718e-11,1.519420e-19,5,8.000000e-01
nv,0,0,5,8.000000e-01
gl,4.278533e-11,1.517949e-19,5,8.000000e-01
nv,0,0,5,8.000000e-01
gl,4.275855e-11,1.516480e-19,5,8.000000e-01
nv,0,0,5,8.000000e-01
gl,4.281044e-11,1.515331e-19,5,8.000000e-01
nv,0,0,5,8.000000e-01
gl,4.277219e-11,1.513872e-19,5,8.000000e-01
nv,0,0,5,8.000000e-01
gl,4.273768e-11,1.512414e-19,5,8.000000e-01
nv,0,0,5,8.000000e-01
gl,4.277610e-11,1.511192e-19,5,8.000000e-01
nv,0,0,5,8.000000e-01
gl,4.275321e-11,1.509749e-19,5,8.000000e-01
nv,0,0,5,8.000000e-01
gl,4.272568e-11,1.508302e-19,5,8.000000e-01
nv,0,0,5,8.000000e-01
gl,4.284029e-11,1.508430e-19,5,8.000000e-01
nv,0,0,5,8.000000e-01
gl,4.281571e-11,1.506994e-19,5,8.000000e-01
nv,0,0,5,8.000000e-01
gl,4.280518e-11,1.505578e-19,5,8.000000e-01
nv,0,0,5,8.000000e-01
gl,4.278680e-11,1.504155e-19,5,8.000000e-01
nv,0,0,5,8.000000e-01
gl,4.275012e-11,1.502719e-19,5,8.000000e-01
nv,0,0,5,8.000000e-01
gl,4.271168e-11,1.501287e-19,5,8.000000e-01
nv,0,0,5,8.000000e-01
gl,4.268247e-11,1.499856e-19,5,8.000000e-01
nv,0,0,5,8.000000e-01
gl,4.264466e-11,1.498429e-19,5,8.000000e-01
nv,0,0,5,8.000000e-01
gl,4.264537e-11,1.497079e-19,5,8.000000e-01
nv,0,0,5,8.000000e-01
gl,4.260834e-11,1.495658e-19,5,8.000000e-01
nv,0,0,5,8.000000e-01
gl,4.259002e-11,1.494241e-19,5,8.000000e-01
nv,0,0,5,8.000000e-01
gl,4.255433e-11,1.492824e-19,5,8.000000e-01
nv,0,0,5,8.000000e-01
gl,4.254918e-11,1.491432e-19,5,8.000000e-01
nv,0,0,5,8.000000e-01
gl,4.256825e-11,1.490218e-19,5,8.000000e-01
nv,0,0,5,8.000000e-01
gl,4.255449e-11,1.488827e-19,5,8.000000e-01
nv,0,0,5,8.000000e-01
gl,4.254000e-11,1.487427e-19,5,8.000000e-01
nv,0,0,5,8.000000e-01
gl,4.251941e-11,1.486022e-19,5,8.000000e-01
nv,0,0,5,8.000000e-01
gl,4.252318e-11,1.484736e-19,5,8.000000e-01
nv,0,0,5,8.000000e-01
gl,4.248759e-11,1.483338e-19,5,8.000000e-01
nv,0,0,5,8.000000e-01
gl,4.247325e-11,1.481958e-19,5,8.000000e-01
nv,0,0,5,8.000000e-01
gl,4.246725e-11,1.480619e-19,5,8.000000e-01
nv,0,0,5,8.000000e-01
gl,4.271913e-11,1.487133e-19,5,8.000000e-01
nv,0,0,5,8.000000e-01
gl,4.274667e-11,1.485901e-19,5,8.000000e-01
nv,0,0,5,8.000000e-01
gl,4.274011e-11,1.484583e-19,5,8.000000e-01
nv,0,0,5,8.000000e-01
gl,4.271537e-11,1.483187e-19,5,8.000000e-01
nv,0,0,5,8.000000e-01
gl,4.270682e-11,1.481806e-19,5,8.000000e-01
nv,0,0,5,8.000000e-01
gl,4.267824e-11,1.480419e-19,5,8.000000e-01
nv,0,0,5,8.000000e-01
gl,4.264491e-11,1.479035e-19,5,8.000000e-01
nv,0,0,5,8.000000e-01
gl,4.261129e-11,1.477654e-19,5,8.000000e-01
nv,0,0,5,8.000000e-01
gl,4.269203e-11,1.477417e-19,5,8.000000e-01
nv,0,0,5,8.000000e-01
gl,4.271044e-11,1.476231e-19,5,8.000000e-01
nv,0,0,5,8.000000e-01
gl,4.268773e-11,1.474863e-19,5,8.000000e-01
nv,0,0,5,8.000000e-01
gl,4.266357e-11,1.473494e-19,5,8.000000e-01
nv,0,0,5,8.000000e-01
gl,4.262803e-11,1.472126e-19,5,8.000000e-01
nv,0,0,5,8.000000e-01
gl,4.261672e-11,1.470762e-19,5,8.000000e-01
nv,0,0,5,8.000000e-01
gl,4.260204e-11,1.469402e-19,5,8.000000e-01
nv,0,0,5,8.000000e-01
gl,4.257215e-11,1.468039e-19,5,8.000000e-01
nv,0,0,5,8.000000e-01
gl,4.268884e-11,1.468515e-19,5,8.000000e-01
nv,0,0,5,8.000000e-01
gl,4.266291e-11,1.467159e-19,5,8.000000e-01
nv,0,0,5,8.000000e-01
gl,4.270316e-11,1.466346e-19,5,8.000000e-01
nv,0,0,5,8.000000e-01
gl,4.267363e-11,1.464992e-19,5,8.000000e-01
nv,0,0,5,8.000000e-01
gl,4.265950e-11,1.463682e-19,5,8.000000e-01
nv,0,0,5,8.000000e-01
gl,4.264044e-11,1.462340e-19,5,8.000000e-01
nv,0,0,5,8.000000e-01
gl,4.261129e-11,1.460993e-19,5,8.000000e-01
nv,0,0,5,8.000000e-01
gl,4.260108e-11,1.459664e-19,5,8.000000e-01
nv,0,0,5,8.000000e-01
gl,4.258003e-11,1.458332e-19,5,8.000000e-01
nv,0,0,5,8.000000e-01
gl,4.254965e-11,1.456993e-19,5,8.000000e-01
nv,0,0,5,8.000000e-01
gl,4.252413e-11,1.455657e-19,5,8.000000e-01
nv,0,0,5,8.000000e-01
gl,4.249519e-11,1.454322e-19,5,8.000000e-01
nv,0,0,5,8.000000e-01
gl,4.252081e-11,1.453354e-19,5,8.000000e-01
nv,0,0,5,8.000000e-01
gl,4.250084e-11,1.452037e-19,5,8.000000e-01
nv,0,0,5,8.000000e-01
gl,4.246958e-11,1.450710e-19,5,8.000000e-01
nv,0,0,5,8.000000e-01
gl,4.243412e-11,1.449387e-19,5,8.000000e-01
nv,0,0,5,8.000000e-01
gl,4.241675e-11,1.448071e-19,5,8.000000e-01
nv,0,0,5,8.000000e-01
gl,4.248507e-11,1.447251e-19,5,8.000000e-01
nv,0,0,5,8.000000e-01
gl,4.247050e-11,1.445932e-19,5,8.000000e-01
nv,0,0,5,8.000000e-01
gl,4.243563e-11,1.444618e-19,5,8.000000e-01
nv,0,0,5,8.000000e-01
gl,4.240854e-11,1.443305e-19,5,8.000000e-01
nv,0,0,5,8.000000e-01
gl,4.237487e-11,1.441995e-19,5,8.000000e-01
nv,0,0,5,8.000000e-01
gl,4.235296e-11,1.440687e-19,5,8.000000e-01
nv,0,0,5,8.000000e-01
gl,4.234224e-11,1.439424e-19,5,8.000000e-01
nv,0,0,5,8.000000e-01
gl,4.232067e-11,1.438120e-19,5,8.000000e-01
nv,0,0,5,8.000000e-01
gl,4.228672e-11,1.436819e-19,5,8.000000e-01
nv,0,0,5,8.000000e-01
gl,4.387192e-11,1.720311e-19,5,8.000000e-01
nv,0,0,5,8.000000e-01
gl,4.383993e-11,1.718755e-19,5,8.000000e-01
nv,0,0,5,8.000000e-01
gl,4.381952e-11,1.717208e-19,5,8.000000e-01
nv,0,0,5,8.000000e-01
gl,4.378381e-11,1.715660e-19,5,8.000000e-01
nv,0,0,5,8.000000e-01
gl,4.375493e-11,1.714113e-19,5,8.000000e-01
nv,0,0,5,8.000000e-01
gl,4.373503e-11,1.712583e-19,5,8.000000e-01
nv,0,0,5,8.000000e-01
gl,4.369718e-11,1.711045e-19,5,8.000000e-01
nv,0,0,5,8.000000e-01
gl,4.367328e-11,1.709506e-19,5,8.000000e-01
nv,0,0,5,8.000000e-01
gl,4.369452e-11,1.708113e-19,5,8.000000e-01
nv,0,0,5,8.000000e-01
gl,4.366532e-11,1.706582e-19,5,8.000000e-01
nv,0,0,5,8.000000e-01
gl,4.363905e-11,1.705048e-19,5,8.000000e-01
nv,0,0,5,8.000000e-01
gl,4.363088e-11,1.703521e-19,5,8.000000e-01
nv,0,0,5,8.000000e-01
gl,4.361226e-11,1.702004e-19,5,8.000000e-01
nv,0,0,5,8.000000e-01
gl,4.358188e-11,1.700481e-19,5,8.000000e-01
nv,0,0,5,8.000000e-01
gl,4.355042e-11,1.698962e-19,5,8.000000e-01
nv,0,0,5,8.000000e-01
gl,4.351667e-11,1.697446e-19,5,8.000000e-01
nv,0,0,5,8.000000e-01
gl,4.348849e-11,1.695932e-19,5,8.000000e-01
nv,0,0,5,8.000000e-01
gl,4.345948e-11,1.694420e-19,5,8.000000e-01
nv,0,0,5,8.000000e-01
gl,4.342674e-11,1.692912e-19,5,8.000000e-01
nv,0,0,5,8.000000e-01
gl,4.338940e-11,1.691409e-19,5,8.000000e-01
nv,0,0,5,8.000000e-01
gl,4.335497e-11,1.689908e-19,5,8.000000e-01
nv,0,0,5,8.000000e-01
gl,4.337072e-11,1.688622e-19,5,8.000000e-01
nv,0,0,5,8.000000e-01
gl,4.336624e-11,1.687162e-19,5,8.000000e-01
nv,0,0,5,8.000000e-01
gl,4.333316e-11,1.685667e-19,5,8.000000e-01
nv,0,0,5,8.000000e-01
gl,4.331491e-11,1.684176e-19,5,8.000000e-01
nv,0,0,5,8.000000e-01
gl,4.330991e-11,1.682738e-19,5,8.000000e-01
nv,0,0,5,8.000000e-01
gl,4.327170e-11,1.681255e-19,5,8.000000e-01
nv,0,0,5,8.000000e-01
gl,4.323677e-11,1.679772e-19,5,8.000000e-01
nv,0,0,5,8.000000e-01
gl,4.320144e-11,1.678291e-19,5,8.000000e-01
nv,0,0,5,8.000000e-01
gl,4.316691e-11,1.676813e-19,5,8.000000e-01
nv,0,0,5,8.000000e-01
gl,4.313858e-11,1.675337e-19,5,8.000000e-01
nv,0,0,5,8.000000e-01
gl,4.310036e-11,1.673867e-19,5,8.000000e-01
nv,0,0,5,8.000000e-01
gl,4.307113e-11,1.672394e-19,5,8.000000e-01
nv,0,0,5,8.000000e-01
gl,4.304320e-11,1.670922e-19,5,8.000000e-01
nv,0,0,5,8.000000e-01
gl,4.301385e-11,1.669454e-19,5,8.000000e-01
nv,0,0,5,8.000000e-01
gl,4.298172e-11,1.667990e-19,5,8.000000e-01
nv,0,0,5,8.000000e-01
gl,4.296057e-11,1.666529e-19,5,8.000000e-01
nv,0,0,5,8.000000e-01
gl,4.292705e-11,1.665071e-19,5,8.000000e-01
nv,0,0,5,8.000000e-01
gl,4.292842e-11,1.663671e-19,5,8.000000e-01
nv,0,0,5,8.000000e-01
gl,4.292266e-11,1.662250e-19,5,8.000000e-01
nv,0,0,5,8.000000e-01
gl,4.289256e-11,1.660798e-19,5,8.000000e-01
nv,0,0,5,8.000000e-01
gl,4.286400e-11,1.659348e-19,5,8.000000e-01
nv,0,0,5,8.000000e-01
gl,4.286118e-11,1.657970e-19,5,8.000000e-01
nv,0,0,5,8.000000e-01
gl,4.298117e-11,1.657748e-19,5,8.000000e-01
nv,0,0,5,8.000000e-01
gl,4.304374e-11,1.656688e-19,5,8.000000e-01
nv,0,0,5,8.000000e-01
gl,4.303468e-11,1.655251e-19,5,8.000000e-01
nv,0,0,5,8.000000e-01
gl,4.301218e-11,1.653814e-19,5,8.000000e-01
nv,0,0,5,8.000000e-01
gl,4.297874e-11,1.652380e-19,5,8.000000e-01
nv,0,0,5,8.000000e-01
gl,4.295629e-11,1.650947e-19,5,8.000000e-01
nv,0,0,5,8.000000e-01
gl,4.292256e-11,1.649518e-19,5,8.000000e-01
nv,0,0,5,8.000000e-01
gl,4.290006e-11,1.648099e-19,5,8.000000e-01
nv,0,0,5,8.000000e-01
gl,4.287556e-11,1.646674e-19,5,8.000000e-01
nv,0,0,5,8.000000e-01
gl,4.284358e-11,1.645252e-19,5,8.000000e-01
nv,0,0,5,8.000000e-01
gl,4.283419e-11,1.643838e-19,5,8.000000e-01
nv,0,0,5,8.000000e-01
gl,4.283786e-11,1.642546e-19,5,8.000000e-01
nv,0,0,5,8.000000e-01
gl,4.281250e-11,1.641135e-19,5,8.000000e-01
nv,0,0,5,8.000000e-01
gl,4.286264e-11,1.640368e-19,5,8.000000e-01
nv,0,0,5,8.000000e-01
gl,4.283513e-11,1.638955e-19,5,8.000000e-01
nv,0,0,5,8.000000e-01
gl,4.280417e-11,1.637548e-19,5,8.000000e-01
nv,0,0,5,8.000000e-01
gl,4.277651e-11,1.636142e-19,5,8.000000e-01
nv,0,0,5,8.000000e-01
gl,4.275045e-11,1.634742e-19,5,8.000000e-01
nv,0,0,5,8.000000e-01
gl,4.290128e-11,1.637163e-19,5,8.000000e-01
nv,0,0,5,8.000000e-01
gl,4.287138e-11,1.635762e-19,5,8.000000e-01
nv,0,0,5,8.000000e-01
gl,4.284548e-11,1.634361e-19,5,8.000000e-01
nv,0,0,5,8.000000e-01
gl,4.282027e-11,1.632962e-19,5,8.000000e-01
nv,0,0,5,8.000000e-01
gl,4.278471e-11,1.631570e-19,5,8.000000e-01
nv,0,0,5,8.000000e-01
gl,4.275524e-11,1.630177e-19,5,8.000000e-01
nv,0,0,5,8.000000e-01
gl,4.273280e-11,1.628787e-19,5,8.000000e-01
nv,0,0,5,8.000000e-01
gl,4.271150e-11,1.627403e-19,5,8.000000e-01
nv,0,0,5,8.000000e-01
gl,4.268020e-11,1.626018e-19,5,8.000000e-01
nv,0,0,5,8.000000e-01
gl,4.267649e-11,1.624675e-19,5,8.000000e-01
nv,0,0,5,8.000000e-01
gl,4.265994e-11,1.623296e-19,5,8.000000e-01
nv,0,0,5,8.000000e-01
gl,4.265272e-11,1.621969e-19,5,8.000000e-01
nv,0,0,5,8.000000e-01
gl,4.263464e-11,1.620605e-19,5,8.000000e-01
nv,0,0,5,8.000000e-01
gl,4.262510e-11,1.619230e-19,5,8.000000e-01
nv,0,0,5,8.000000e-01
gl,4.262431e-11,1.617879e-19,5,8.000000e-01
nv,0,0,5,8.000000e-01
gl,4.263590e-11,1.616638e-19,5,8.000000e-01
nv,0,0,5,8.000000e-01
gl,4.260652e-11,1.615271e-19,5,8.000000e-01
nv,0,0,5,8.000000e-01
gl,4.259401e-11,1.613909e-19,5,8.000000e-01
nv,0,0,5,8.000000e-01
gl,4.256843e-11,1.612548e-19,5,8.000000e-01
nv,0,0,5,8.000000e-01
gl,4.255148e-11,1.611192e-19,5,8.000000e-01
nv,0,0,5,8.000000e-01
gl,4.251601e-11,1.609838e-19,5,8.000000e-01
nv,0,0,5,8.000000e-01
gl,4.252412e-11,1.608603e-19,5,8.000000e-01
nv,0,0,5,8.000000e-01
gl,4.249810e-11,1.607250e-19,5,8.000000e-01
nv,0,0,5,8.000000e-01
gl,4.247201e-11,1.605898e-19,5,8.000000e-01
nv,0,0,5,8.000000e-01
gl,4.243954e-11,1.604551e-19,5,8.000000e-01
nv,0,0,5,8.000000e-01
gl,4.241158e-11,1.603203e-19,5,8.000000e-01
nv,0,0,5,8.000000e-01
gl,4.241178e-11,1.601950e-19,5,8.000000e-01
nv,0,0,5,8.000000e-01
gl,4.238198e-11,1.600610e-19,5,8.000000e-01
nv,0,0,5,8.000000e-01
gl,4.235688e-11,1.599269e-19,5,8.000000e-01
nv,0,0,5,8.000000e-01
gl,4.233459e-11,1.597929e-19,5,8.000000e-01
nv,0,0,5,8.000000e-01
gl,4.240516e-11,1.597740e-19,5,8.000000e-01
nv,0,0,5,8.000000e-01
gl,4.238702e-11,1.596410e-19,5,8.000000e-01
nv,0,0,5,8.000000e-01
gl,4.236224e-11,1.595079e-19,5,8.000000e-01
nv,0,0,5,8.000000e-01
gl,4.234320e-11,1.593747e-19,5,8.000000e-01
nv,0,0,5,8.000000e-01
gl,4.233380e-11,1.592445e-19,5,8.000000e-01
nv,0,0,5,8.000000e-01
gl,4.230474e-11,1.591121e-19,5,8.000000e-01
nv,0,0,5,8.000000e-01
gl,4.227314e-11,1.589799e-19,5,8.000000e-01
nv,0,0,5,8.000000e-01
gl,4.223981e-11,1.588481e-19,5,8.000000e-01
nv,0,0,5,8.000000e-01
gl,4.222379e-11,1.587162e-19,5,8.000000e-01
nv,0,0,5,8.000000e-01
gl,4.219895e-11,1.585851e-19,5,8.000000e-01
nv,0,0,5,8.000000e-01
gl,4.216832e-11,1.584538e-19,5,8.000000e-01
nv,0,0,5,8.000000e-01
gl,4.213997e-11,1.583226e-19,5,8.000000e-01
nv,0,0,5,8.000000e-01
gl,4.213578e-11,1.581984e-19,5,8.000000e-01
nv,0,0,5,8.000000e-01
gl,4.211801e-11,1.580680e-19,5,8.000000e-01
nv,0,0,5,8.000000e-01
gl,4.209153e-11,1.579375e-19,5,8.000000e-01
nv,0,0,5,8.000000e-01
gl,4.207427e-11,1.578076e-19,5,8.000000e-01
nv,0,0,5,8.000000e-01
gl,4.207447e-11,1.576807e-19,5,8.000000e-01
nv,0,0,5,8.000000e-01
gl,4.221843e-11,1.578866e-19,5,8.000000e-01
nv,0,0,5,8.000000e-01
gl,4.219687e-11,1.577568e-19,5,8.000000e-01
nv,0,0,5,8.000000e-01
gl,4.219283e-11,1.576302e-19,5,8.000000e-01
nv,0,0,5,8.000000e-01
gl,4.220500e-11,1.575084e-19,5,8.000000e-01
nv,0,0,5,8.000000e-01
gl,4.221044e-11,1.573812e-19,5,8.000000e-01
nv,0,0,5,8.000000e-01
gl,4.217743e-11,1.572523e-19,5,8.000000e-01
nv,0,0,5,8.000000e-01
gl,4.215920e-11,1.571236e-19,5,8.000000e-01
nv,0,0,5,8.000000e-01
gl,4.216079e-11,1.569992e-19,5,8.000000e-01
nv,0,0,5,8.000000e-01
gl,4.215503e-11,1.568738e-19,5,8.000000e-01
nv,0,0,5,8.000000e-01
gl,4.212576e-11,1.567455e-19,5,8.000000e-01
nv,0,0,5,8.000000e-01
gl,4.216306e-11,1.566403e-19,5,8.000000e-01
nv,0,0,5,8.000000e-01
gl,4.213213e-11,1.565125e-19,5,8.000000e-01
nv,0,0,5,8.000000e-01
gl,4.213193e-11,1.563945e-19,5,8.000000e-01
nv,0,0,5,8.000000e-01
gl,4.211071e-11,1.562672e-19,5,8.000000e-01
nv,0,0,5,8.000000e-01
gl,4.207846e-11,1.561402e-19,5,8.000000e-01
nv,0,0,5,8.000000e-01
gl,4.209048e-11,1.560271e-19,5,8.000000e-01
nv,0,0,5,8.000000e-01
gl,4.206380e-11,1.559003e-19,5,8.000000e-01
nv,0,0,5,8.000000e-01
gl,4.203637e-11,1.557737e-19,5,8.000000e-01
nv,0,0,5,8.000000e-01
gl,4.202366e-11,1.556477e-19,5,8.000000e-01
nv,0,0,5,8.000000e-01
gl,4.200717e-11,1.555218e-19,5,8.000000e-01
nv,0,0,5,8.000000e-01
gl,4.198109e-11,1.553958e-19,5,8.000000e-01
nv,0,0,5,8.000000e-01
gl,4.195926e-11,1.552697e-19,5,8.000000e-01
nv,0,0,5,8.000000e-01
gl,4.200512e-11,1.552020e-19,5,8.000000e-01
nv,0,0,5,8.000000e-01
gl,4.198476e-11,1.550769e-19,5,8.000000e-01
nv,0,0,5,8.000000e-01
gl,4.196014e-11,1.549516e-19,5,8.000000e-01
nv,0,0,5,8.000000e-01
gl,4.195277e-11,1.548272e-19,5,8.000000e-01
nv,0,0,5,8.000000e-01
gl,4.196241e-11,1.547148e-19,5,8.000000e-01
nv,0,0,5,8.000000e-01
gl,4.194173e-11,1.545908e-19,5,8.000000e-01
nv,0,0,5,8.000000e-01
gl,4.191547e-11,1.544664e-19,5,8.000000e-01
nv,0,0,5,8.000000e-01
gl,4.193260e-11,1.543648e-19,5,8.000000e-01
nv,0,0,5,8.000000e-01
gl,4.190661e-11,1.542407e-19,5,8.000000e-01
nv,0,0,5,8.000000e-01
gl,4.187895e-11,1.541170e-19,5,8.000000e-01
nv,0,0,5,8.000000e-01
gl,4.185184e-11,1.539934e-19,5,8.000000e-01
nv,0,0,5,8.000000e-01
gl,4.181997e-11,1.538702e-19,5,8.000000e-01
nv,0,0,5,8.000000e-01
gl,4.178947e-11,1.537471e-19,5,8.000000e-01
nv,0,0,5,8.000000e-01
gl,4.176889e-11,1.536237e-19,5,8.000000e-01
nv,0,0,5,8.000000e-01
gl,4.184943e-11,1.536279e-19,5,8.000000e-01
nv,0,0,5,8.000000e-01
gl,4.183391e-11,1.535061e-19,5,8.000000e-01
nv,0,0,5,8.000000e-01
gl,4.181637e-11,1.533837e-19,5,8.000000e-01
nv,0,0,5,8.000000e-01
gl,4.178666e-11,1.532614e-19,5,8.000000e-01
nv,0,0,5,8.000000e-01
gl,4.176086e-11,1.531393e-19,5,8.000000e-01
nv,0,0,5,8.000000e-01
gl,4.173043e-11,1.530175e-19,5,8.000000e-01
nv,0,0,5,8.000000e-01
gl,4.169943e-11,1.528959e-19,5,8.000000e-01
nv,0,0,5,8.000000e-01
gl,4.166869e-11,1.527745e-19,5,8.000000e-01
nv,0,0,5,8.000000e-01
gl,4.164106e-11,1.526531e-19,5,8.000000e-01
nv,0,0,5,8.000000e-01
gl,4.161336e-11,1.525319e-19,5,8.000000e-01
nv,0,0,5,8.000000e-01
gl,4.158728e-11,1.524110e-19,5,8.000000e-01
nv,0,0,5,8.000000e-01
gl,4.155801e-11,1.522903e-19,5,8.000000e-01
nv,0,0,5,8.000000e-01
gl,4.154796e-11,1.521732e-19,5,8.000000e-01
nv,0,0,5,8.000000e-01
gl,4.152092e-11,1.520528e-19,5,8.000000e-01
nv,0,0,5,8.000000e-01
gl,4.150305e-11,1.519328e-19,5,8.000000e-01
nv,0,0,5,8.000000e-01
gl,4.148766e-11,1.518123e-19,5,8.000000e-01
nv,0,0,5,8.000000e-01
gl,4.146442e-11,1.516926e-19,5,8.000000e-01
nv,0,0,5,8.000000e-01
gl,4.144622e-11,1.515737e-19,5,8.000000e-01
nv,0,0,5,8.000000e-01
gl,4.145134e-11,1.514658e-19,5,8.000000e-01
nv,0,0,5,8.000000e-01
gl,4.143168e-11,1.513464e-19,5,8.000000e-01
nv,0,0,5,8.000000e-01
gl,4.144370e-11,1.512323e-19,5,8.000000e-01
nv,0,0,5,8.000000e-01
gl,4.142245e-11,1.511131e-19,5,8.000000e-01
nv,0,0,5,8.000000e-01
gl,4.140722e-11,1.509943e-19,5,8.000000e-01
nv,0,0,5,8.000000e-01
gl,4.140734e-11,1.508803e-19,5,8.000000e-01
nv,0,0,5,8.000000e-01
gl,4.142207e-11,1.507819e-19,5,8.000000e-01
nv,0,0,5,8.000000e-01
gl,4.143838e-11,1.506740e-19,5,8.000000e-01
nv,0,0,5,8.000000e-01
gl,4.142322e-11,1.505563e-19,5,8.000000e-01
nv,0,0,5,8.000000e-01
gl,4.142111e-11,1.504417e-19,5,8.000000e-01
nv,0,0,5,8.000000e-01
gl,4.139510e-11,1.503240e-19,5,8.000000e-01
nv,0,0,5,8.000000e-01
gl,4.136672e-11,1.502066e-19,5,8.000000e-01
nv,0,0,5,8.000000e-01
gl,4.134901e-11,1.500896e-19,5,8.000000e-01
nv,0,0,5,8.000000e-01
gl,4.132942e-11,1.499725e-19,5,8.000000e-01
nv,0,0,5,8.000000e-01
gl,4.135227e-11,1.498886e-19,5,8.000000e-01
nv,0,0,5,8.000000e-01
gl,4.132667e-11,1.497718e-19,5,8.000000e-01
nv,0,0,5,8.000000e-01
gl,4.130736e-11,1.496559e-19,5,8.000000e-01
nv,0,0,5,8.000000e-01
gl,4.130077e-11,1.495400e-19,5,8.000000e-01
nv,0,0,5,8.000000e-01
gl,4.127789e-11,1.494239e-19,5,8.000000e-01
nv,0,0,5,8.000000e-01
